1:ItNr	2:Metric	3a:Time	3b:StepSize	4:||Gradient||	Time[ms]
0	-1.049875	0.000000	69.566101	0.000931	872.1
1	-1.043971	0.000000	69.566101	0.002489	3.3
2	-1.043994	0.000000	69.566101	0.001228	3.1
3	-1.043975	0.000000	69.566101	0.001045	3.0
4	-1.041900	0.693425	67.342437	0.001250	3.0
5	-1.048262	1.569369	64.728798	0.002238	3.1
6	-1.043149	0.623287	67.560871	0.001478	3.2
7	-1.058064	1.074080	66.181155	0.001251	3.0
8	-1.048475	0.127999	69.144651	0.000597	2.9
9	-1.047694	0.000000	69.566101	0.000810	2.9
10	-1.052058	0.000000	69.566101	0.000919	3.0
11	-1.042639	0.000000	69.566101	0.001081	3.0
12	-1.052644	0.000000	69.566101	0.002133	2.9
13	-1.046813	0.000000	69.566101	0.000609	2.9
14	-1.048069	0.000000	69.566101	0.001975	2.8
15	-1.050117	0.999998	66.404012	0.001135	2.9
16	-1.051171	0.053916	69.387951	0.000427	2.9
17	-1.044620	1.022888	66.334993	0.001941	2.9
18	-1.042661	1.741344	64.239304	0.001319	2.9
19	-1.043172	2.741344	61.533505	0.000960	2.8
20	-1.050909	1.906280	63.776752	0.001398	2.9
21	-1.058217	1.018425	66.348437	0.001548	3.0
22	-1.046305	0.072420	69.327023	0.000875	3.0
23	-1.044485	0.727902	67.235582	0.001522	3.1
24	-1.042274	0.000000	69.566101	0.000353	2.9
25	-1.050746	0.451206	68.102843	0.000838	2.9
26	-1.042171	0.311460	68.549415	0.000932	3.0
27	-1.054951	0.000000	69.566101	0.001660	3.2
28	-1.046650	0.000000	69.566101	0.001190	3.0
29	-1.044421	0.000000	69.566101	0.000951	2.8
30	-1.047626	0.263240	68.704868	0.000982	2.8
31	-1.044567	1.116752	66.053467	0.001143	2.9
32	-1.042059	0.174646	68.992328	0.000723	2.8
33	-1.045177	0.000000	69.566101	0.000840	2.9
34	-1.032093	0.000000	69.566101	0.000938	2.7
35	-1.052660	0.000000	69.566101	0.001594	2.6
36	-1.046819	0.000000	69.566101	0.000961	2.6
37	-1.055399	0.000000	69.566101	0.000845	2.7
38	-1.054324	0.991321	66.430213	0.001192	2.7
39	-1.059312	0.045560	69.415501	0.000914	2.8
40	-1.045418	0.958729	66.528812	0.001689	2.7
41	-1.051806	0.012884	69.523446	0.001186	2.6
42	-1.053457	0.000000	69.566101	0.001072	2.9
43	-1.044389	0.000000	69.566101	0.000452	2.7
44	-1.055972	0.000000	69.566101	0.001591	2.6
45	-1.039591	0.000000	69.566101	0.002090	2.7
46	-1.046104	0.999998	66.404011	0.000632	2.7
47	-1.050764	0.171685	69.001978	0.001455	2.7
48	-1.049477	0.000000	69.566101	0.001099	2.7
49	-1.049560	0.939334	66.587625	0.001125	2.6
50	-1.041826	1.935391	63.695801	0.000624	2.6
51	-1.054908	2.929395	61.049940	0.001211	2.6
52	-1.051815	3.928574	58.602956	0.000888	2.7
53	-1.042280	2.982500	60.914756	0.001247	2.6
54	-1.038588	2.036431	63.416427	0.001261	2.7
55	-1.055728	1.142252	65.977397	0.000629	2.6
56	-1.035433	0.230676	68.810251	0.000617	2.6
57	-1.035815	0.506557	67.927568	0.001586	2.7
58	-1.051079	0.000000	69.566101	0.002223	2.7
59	-1.051080	1.000000	66.404006	0.000617	2.7
60	-1.045260	1.197114	65.814328	0.001319	2.9
61	-1.048240	1.973459	63.590255	0.001354	2.7
62	-1.044707	2.973320	60.938082	0.001251	2.7
63	-1.056900	3.063068	60.710801	0.001022	2.7
64	-1.043312	2.116986	63.195440	0.000763	3.1
65	-1.051879	1.552054	64.778496	0.001489	3.0
66	-1.049907	0.622521	67.563265	0.000837	2.8
67	-1.047804	0.000000	69.566101	0.001158	2.8
68	-1.042273	0.000000	69.566101	0.000751	2.7
69	-1.050104	0.000000	69.566101	0.000356	2.8
70	-1.052394	0.026411	69.478719	0.000856	2.9
71	-1.052170	0.000000	69.566101	0.000793	2.9
72	-1.049726	0.957592	66.532256	0.001958	2.9
73	-1.044464	1.957579	63.634242	0.001705	2.9
74	-1.043093	1.011557	66.369140	0.000449	2.8
75	-1.040938	0.513442	67.905828	0.001357	3.0
76	-1.061612	0.081047	69.298652	0.001361	3.0
77	-1.059853	1.081047	66.160275	0.000969	3.2
78	-1.052582	1.973022	63.591464	0.000705	3.3
79	-1.049516	1.789076	64.104754	0.001184	3.4
80	-1.048664	0.854862	66.844995	0.001057	3.4
81	-1.041833	1.278924	65.572652	0.001127	3.4
82	-1.048348	2.218660	62.918710	0.001300	3.2
83	-1.043930	3.077987	60.673184	0.001596	3.3
84	-1.050226	3.250527	60.241501	0.001078	3.6
85	-1.051603	2.450627	62.296335	0.001049	4.0
86	-1.040861	3.449677	59.750814	0.001240	3.4
87	-1.035135	2.503626	62.155861	0.001613	3.2
88	-1.058801	2.025872	63.445507	0.000901	3.0
89	-1.058924	3.020442	60.818536	0.002265	2.9
90	-1.041093	4.020442	58.387782	0.000838	3.3
91	-1.045267	3.074429	60.682150	0.001231	3.1
92	-1.039196	4.074125	58.262775	0.001002	3.1
93	-1.041824	4.730249	56.777068	0.000950	3.3
94	-1.040398	3.904431	58.659768	0.001957	3.0
95	-1.042528	2.961364	60.968488	0.001743	3.6
96	-1.046047	2.976731	60.929413	0.001057	3.4
97	-1.046651	2.030651	63.432341	0.000809	3.1
98	-1.047451	1.084703	66.149322	0.001269	3.4
99	-1.049511	0.143147	69.095113	0.001405	3.0
100	-1.057922	0.000000	69.566101	0.001734	3.2
101	-1.043839	0.000000	69.566101	0.002531	3.1
102	-1.048699	0.000000	69.566101	0.000923	3.0
103	-1.050366	0.999934	66.404206	0.001194	2.9
104	-1.048027	0.810425	66.981184	0.001591	2.9
105	-1.050668	0.270245	68.682242	0.002294	3.3
106	-1.039522	0.300246	68.585504	0.001026	3.2
107	-1.045209	0.000000	69.566101	0.000912	3.0
108	-1.053787	0.999648	66.405067	0.003300	2.9
109	-1.049135	0.053567	69.389103	0.000896	2.9
110	-1.053615	1.007298	66.381984	0.000731	2.8
111	-1.042392	0.065738	69.349012	0.001812	2.9
112	-1.045665	0.000000	69.566101	0.000846	3.0
113	-1.049243	1.000000	66.404006	0.000868	2.9
114	-1.046723	0.057311	69.376765	0.001522	2.9
115	-1.039303	0.000000	69.566101	0.001666	3.0
116	-1.052113	0.000000	69.566101	0.001401	2.9
117	-1.042406	1.000000	66.404006	0.000886	2.8
118	-1.050219	1.515326	64.884166	0.002257	2.8
119	-1.034372	0.615647	67.584750	0.000397	2.7
120	-1.064469	1.615188	64.597656	0.001740	2.7
121	-1.040634	1.911877	63.761171	0.001921	2.8
122	-1.045601	2.911877	61.094665	0.000543	2.7
123	-1.051554	3.911676	58.642708	0.001250	2.7
124	-1.053695	3.328252	60.049038	0.001458	2.7
125	-1.045731	4.328252	57.678206	0.001169	2.6
126	-1.043243	5.328251	55.487474	0.001178	2.7
127	-1.050834	4.811209	56.598981	0.002944	2.7
128	-1.057348	3.865127	58.752489	0.001894	2.6
129	-1.061301	4.865127	56.480995	0.001061	2.7
130	-1.059474	4.947204	56.302334	0.001840	2.7
131	-1.043814	5.947164	54.213056	0.001975	2.7
132	-1.054305	5.001083	56.185665	0.000910	2.8
133	-1.036992	6.001078	54.104807	0.000551	2.8
134	-1.045193	5.442050	55.248672	0.000794	2.7
135	-1.053211	6.437358	53.244490	0.000751	2.8
136	-1.044727	6.970912	52.228835	0.000952	2.8
137	-1.048093	7.732675	50.844139	0.000812	2.7
138	-1.047920	8.478292	49.558099	0.001705	2.8
139	-1.039678	7.532310	51.201186	0.001432	3.1
140	-1.043490	6.604815	52.921496	0.001434	3.2
141	-1.047084	5.658757	54.799560	0.001126	3.3
142	-1.038978	4.712675	56.815874	0.001650	3.4
143	-1.048115	5.712636	54.689028	0.001767	3.1
144	-1.053273	6.712636	52.715596	0.002928	3.1
145	-1.040834	7.712636	50.879624	0.002045	2.9
146	-1.038236	8.712636	49.167234	0.000375	3.1
147	-1.052702	9.708952	47.572061	0.002216	3.0
148	-1.053117	10.160202	46.883141	0.002619	3.0
149	-1.047274	11.120563	45.481399	0.000988	2.9
150	-1.047281	12.120563	44.108192	0.001136	2.9
151	-1.046667	13.120543	42.815500	0.000972	3.0
152	-1.056999	12.224743	43.969885	0.001159	3.0
153	-1.045729	13.208884	42.704933	0.001393	3.2
154	-1.047796	12.262941	43.919391	0.000539	3.2
155	-1.047160	11.352396	45.155485	0.002106	3.0
156	-1.050004	12.352390	43.801602	0.000667	3.0
157	-1.041208	11.409979	45.075257	0.000524	3.1
158	-1.041094	12.365457	43.784448	0.001348	3.4
159	-1.046473	13.354624	42.523770	0.000487	3.4
160	-1.049631	14.354079	41.321629	0.000637	3.2
161	-1.055307	15.075849	40.494906	0.000952	3.0
162	-1.044529	15.168135	40.391580	0.000715	3.4
163	-1.044393	15.175661	40.383177	0.001424	3.2
164	-1.049446	16.174635	39.297981	0.001465	3.3
165	-1.050063	17.174635	38.268555	0.003073	3.2
166	-1.045704	16.228554	39.241066	0.001822	3.3
167	-1.056068	17.228554	38.214580	0.001315	3.6
168	-1.050555	16.282472	39.184314	0.001396	3.3
169	-1.051548	15.336391	40.204546	0.001109	3.1
170	-1.047509	14.399449	41.268668	0.000904	3.1
171	-1.046582	14.421155	41.243379	0.000932	3.5
172	-1.042822	15.418346	40.114071	0.001320	3.4
173	-1.048448	14.472275	41.183942	0.000987	3.5
174	-1.055535	15.472242	40.054794	0.001977	3.4
175	-1.051965	16.472242	38.985875	0.001297	3.1
176	-1.045283	15.526161	39.995666	0.001029	2.8
177	-1.041621	16.524967	38.931096	0.002782	2.9
178	-1.044733	17.524967	37.920554	0.001352	2.9
179	-1.054566	16.578890	38.875234	0.001215	3.6
180	-1.040821	17.537559	37.908165	0.001086	2.9
181	-1.050578	16.638210	38.813964	0.000815	2.8
182	-1.058826	17.638206	37.809419	0.001860	2.8
183	-1.040557	18.638206	36.855556	0.001594	2.9
184	-1.042084	17.692125	37.756730	0.001109	2.9
185	-1.054499	18.566021	36.922796	0.001424	2.8
186	-1.041978	17.627419	37.819978	0.000586	2.8
187	-1.057175	16.681560	38.769311	0.001525	2.7
188	-1.040389	15.736030	39.767174	0.001558	2.7
189	-1.045579	14.807308	40.798603	0.001107	2.8
190	-1.051334	15.807308	39.690165	0.000322	2.7
191	-1.042217	15.226958	40.325994	0.000834	2.8
192	-1.042618	15.400986	40.133202	0.000484	2.8
193	-1.044486	14.512341	41.137477	0.000952	2.7
194	-1.053709	13.798098	41.981839	0.001972	2.8
195	-1.058169	12.852482	43.154535	0.000797	2.9
196	-1.038649	11.938133	44.352487	0.001586	2.8
197	-1.053175	12.937558	43.046353	0.002017	2.6
198	-1.038944	11.991477	44.280773	0.001230	2.7
199	-1.038948	12.963551	43.013409	0.001051	2.7
200	-1.039232	13.963548	41.783178	0.001505	2.7
201	-1.046646	13.017643	42.945013	0.001005	2.6
202	-1.050706	12.071562	44.173545	0.000865	2.6
203	-1.043924	13.071552	42.877065	0.001832	2.6
204	-1.053691	12.125594	44.101492	0.001755	2.6
205	-1.041169	13.125580	42.809181	0.000545	2.6
206	-1.042706	13.386577	42.484256	0.001535	2.9
207	-1.039631	14.386354	41.283940	0.001752	2.9
208	-1.053761	13.443544	42.413990	0.001110	2.8
209	-1.047440	12.497462	43.611904	0.000998	2.9
210	-1.047594	13.496270	42.349161	0.000867	2.8
211	-1.058568	12.733223	43.307101	0.001037	2.8
212	-1.045003	13.733221	42.060255	0.003031	3.0
213	-1.043839	12.926523	43.060355	0.000554	2.9
214	-1.047076	11.985153	44.289263	0.000713	3.0
215	-1.047664	12.575581	43.510435	0.000786	3.0
216	-1.046605	12.939234	43.044227	0.001434	2.9
217	-1.050140	12.655914	43.406579	0.001198	3.0
218	-1.049758	13.654616	42.155657	0.000814	3.0
219	-1.049855	14.654471	40.973490	0.001593	3.0
220	-1.032206	15.605501	39.908978	0.001019	2.8
221	-1.044319	16.605497	38.847728	0.001134	2.8
222	-1.039558	15.662505	39.846926	0.000944	3.1
223	-1.050851	16.626819	38.825714	0.001074	2.9
224	-1.040146	17.626371	37.821004	0.001177	2.9
225	-1.051023	18.626348	36.866585	0.002063	2.9
226	-1.053974	19.626348	35.959130	0.000631	2.9
227	-1.054180	20.626334	35.095287	0.000529	2.9
228	-1.045549	20.292665	35.378877	0.001312	2.8
229	-1.043434	21.013813	34.771615	0.000875	3.1
230	-1.048318	21.958315	34.007109	0.000429	2.9
231	-1.040320	22.842465	33.321305	0.001571	2.9
232	-1.051136	23.842291	32.578356	0.000978	2.8
233	-1.041031	24.842282	31.867701	0.000802	2.8
234	-1.050922	24.839710	31.869488	0.003017	2.7
235	-1.044343	23.893629	32.541101	0.001128	2.8
236	-1.043151	22.958987	33.232980	0.000816	2.9
237	-1.041350	22.131381	33.870655	0.001450	3.0
238	-1.045015	21.197947	34.619886	0.000779	2.9
239	-1.044420	20.252032	35.413725	0.001488	2.8
240	-1.051732	19.310379	36.240992	0.001218	2.8
241	-1.052409	20.310379	35.363707	0.002921	3.0
242	-1.047327	19.364297	36.192582	0.001233	2.9
243	-1.045400	20.364297	35.317610	0.001642	2.8
244	-1.044991	19.418216	36.144300	0.001343	2.9
245	-1.049856	19.853590	35.759113	0.001440	2.7
246	-1.048167	18.907564	36.606798	0.001171	2.6
247	-1.041054	18.790521	36.714476	0.001559	2.8
248	-1.054558	19.790520	35.814403	0.002220	2.8
249	-1.048665	18.844439	36.664794	0.001240	2.8
250	-1.048591	18.004902	37.453963	0.000981	2.7
251	-1.049341	17.058822	38.385007	0.000890	2.7
252	-1.051585	16.329994	39.134432	0.001604	2.6
253	-1.044400	15.447064	40.082463	0.001112	2.7
254	-1.038853	16.209013	39.261673	0.001832	2.8
255	-1.056058	17.209013	38.234124	0.001760	2.8
256	-1.051355	16.262932	39.204863	0.000860	2.6
257	-1.049339	17.262932	38.180246	0.001127	2.6
258	-1.043826	18.089090	37.373296	0.000805	2.6
259	-1.048245	17.325847	38.117569	0.000745	2.6
260	-1.034203	16.384034	39.077862	0.000280	2.6
261	-1.053095	17.185780	38.257386	0.001054	2.7
262	-1.045948	16.325577	39.139063	0.002091	2.7
263	-1.043465	15.379496	40.156910	0.001857	2.7
264	-1.054751	16.379496	39.082607	0.002255	2.7
265	-1.042680	15.433414	40.097481	0.000699	2.6
266	-1.037356	16.432974	39.026771	0.002106	2.7
267	-1.059584	15.486958	40.038639	0.002254	2.7
268	-1.042823	14.540876	41.104449	0.000986	2.7
269	-1.051094	15.540876	39.979559	0.000734	2.6
270	-1.050669	14.594973	41.041979	0.001539	2.6
271	-1.052734	15.237610	40.314141	0.001501	2.5
272	-1.046811	14.291529	41.394866	0.001555	2.5
273	-1.056392	15.291529	40.254245	0.001743	2.6
274	-1.042670	14.346263	41.330765	0.002406	2.6
275	-1.053304	15.346263	40.193626	0.000758	2.6
276	-1.046772	16.090875	39.386726	0.000880	2.5
277	-1.042657	15.155165	40.406070	0.000962	2.5
278	-1.052469	16.018862	39.463345	0.000930	2.7
279	-1.049007	17.018715	38.425500	0.001367	2.8
280	-1.055646	16.072634	39.406106	0.001551	2.8
281	-1.048555	15.215491	40.338764	0.000720	2.7
282	-1.052200	14.269626	41.420574	0.001610	2.7
283	-1.050929	15.264572	40.284168	0.001271	2.7
284	-1.046992	14.318491	41.363266	0.001631	2.8
285	-1.043788	15.061588	40.510920	0.002446	2.9
286	-1.054788	14.115507	41.602364	0.001372	2.8
287	-1.043649	13.169426	42.754248	0.001697	2.8
288	-1.047386	14.169426	41.538583	0.000842	2.8
289	-1.046329	13.223577	42.686599	0.001146	2.8
290	-1.036581	13.859772	41.907564	0.003035	3.2
291	-1.044464	12.913691	43.076648	0.000656	3.0
292	-1.042988	13.890174	41.871048	0.000790	2.9
293	-1.053774	12.949549	43.031150	0.000794	2.8
294	-1.046959	12.009300	44.256864	0.000927	2.7
295	-1.045028	12.488361	43.623757	0.001019	3.0
296	-1.044773	11.542294	44.891983	0.001322	2.9
297	-1.045934	11.640115	44.757444	0.001062	3.0
298	-1.047934	10.698983	46.086278	0.000676	2.9
299	-1.041757	10.116566	46.948886	0.001227	2.8
300	-1.055432	10.939814	45.738779	0.001158	3.2
301	-1.046889	11.939814	44.350223	0.000806	3.5
302	-1.050241	10.993887	45.661477	0.001994	3.3
303	-1.044021	11.913043	44.386298	0.002615	3.3
304	-1.043339	10.966962	45.699937	0.001356	3.2
305	-1.047945	10.020880	47.093703	0.001254	3.2
306	-1.054394	9.074801	48.575154	0.000970	3.3
307	-1.044047	10.074749	47.012065	0.000761	3.3
308	-1.040715	9.230949	48.324256	0.001012	3.3
309	-1.057028	8.679187	49.222646	0.001456	3.1
310	-1.047302	9.679187	47.618215	0.001942	3.0
311	-1.045763	8.733105	49.133385	0.000942	3.2
312	-1.049389	8.645346	49.278835	0.001996	3.0
313	-1.056391	7.699265	50.903329	0.000773	2.9
314	-1.051735	7.782128	50.756780	0.001308	2.7
315	-1.046138	8.781988	49.052740	0.001061	2.7
316	-1.047070	9.691779	47.598679	0.000624	2.6
317	-1.038197	10.649836	46.157842	0.000808	2.9
318	-1.056110	9.788281	47.449486	0.000928	2.9
319	-1.049391	10.758116	46.000465	0.000650	2.8
320	-1.057420	9.820758	47.399487	0.001078	2.8
321	-1.040506	8.879973	48.891882	0.000882	2.7
322	-1.039909	7.933936	50.490474	0.002283	2.7
323	-1.053701	8.933936	48.803743	0.001081	2.9
324	-1.040941	9.933936	47.226067	0.002154	3.3
325	-1.038950	10.933896	45.747257	0.000863	2.9
326	-1.039350	11.319599	45.201307	0.000489	2.7
327	-1.034390	10.442651	46.461990	0.000635	2.7
328	-1.040076	10.453446	46.446044	0.001542	2.7
329	-1.045090	10.168988	46.869925	0.001369	2.7
330	-1.042810	11.168988	45.412934	0.001007	2.7
331	-1.042502	12.168900	44.043913	0.000871	2.6
332	-1.052638	11.522408	44.919433	0.000806	2.7
333	-1.044992	10.598127	46.233377	0.001836	2.6
334	-1.044306	9.652050	47.660373	0.000825	2.6
335	-1.047911	8.708214	49.174552	0.001474	2.7
336	-1.046526	7.797004	50.730560	0.001486	2.6
337	-1.050225	8.797004	49.028021	0.001567	2.6
338	-1.047112	7.880485	50.583920	0.001330	2.7
339	-1.050901	7.744902	50.822511	0.001484	2.7
340	-1.052126	8.744900	49.113902	0.001083	2.7
341	-1.045790	9.723870	47.548962	0.001010	2.8
342	-1.049828	9.976964	47.160467	0.002332	2.7
343	-1.048057	10.976964	45.685641	0.001865	2.7
344	-1.053658	11.976964	44.300261	0.000566	2.7
345	-1.046417	12.974095	43.000060	0.001149	2.7
346	-1.049373	13.944222	41.806286	0.001039	2.7
347	-1.043986	13.042913	42.913135	0.001025	2.7
348	-1.045023	12.099716	44.135971	0.002413	2.8
349	-1.040219	11.153635	45.434618	0.001221	2.9
350	-1.049803	10.207553	46.812005	0.001569	2.9
351	-1.038022	11.207157	45.359114	0.001373	3.3
352	-1.045774	12.199805	44.002913	0.000661	3.1
353	-1.048310	11.255892	45.290582	0.001450	2.9
354	-1.030439	12.255884	43.928711	0.000925	3.0
355	-1.046446	11.309803	45.215012	0.001067	2.8
356	-1.042465	10.374917	46.562295	0.001088	3.4
357	-1.041788	9.921557	47.244972	0.000783	3.5
358	-1.055694	9.250690	48.292720	0.001190	3.6
359	-1.052564	9.991045	47.139040	0.001812	3.3
360	-1.048903	9.044964	48.623394	0.002604	3.0
361	-1.041328	8.098882	50.204269	0.001195	2.9
362	-1.048154	9.098882	48.536291	0.001414	2.8
363	-1.054957	9.269998	48.261916	0.001993	2.9
364	-1.051616	10.257904	46.736600	0.001851	3.0
365	-1.045242	9.311822	48.195325	0.001249	3.2
366	-1.052117	8.365741	49.748043	0.002550	2.9
367	-1.037357	9.365741	48.109748	0.001410	2.8
368	-1.042610	10.365741	46.575917	0.000990	2.8
369	-1.051533	11.365740	45.136867	0.001106	2.9
370	-1.063324	10.425357	46.487558	0.002547	3.1
371	-1.045590	11.425357	45.053879	0.001117	2.9
372	-1.050476	10.541325	46.316638	0.001396	2.9
373	-1.043018	9.606878	47.730713	0.000973	2.9
374	-1.042104	10.606741	46.220776	0.001246	2.9
375	-1.040704	11.396358	45.094208	0.001314	3.2
376	-1.047100	12.384049	43.760063	0.000547	3.1
377	-1.045810	13.111098	42.827356	0.001102	3.0
378	-1.045533	12.569780	43.517953	0.000706	3.0
379	-1.037043	13.568890	42.260197	0.001040	2.9
380	-1.037860	12.627082	43.443796	0.000871	3.0
381	-1.042493	13.624232	42.192651	0.001785	3.2
382	-1.045749	13.174408	42.748015	0.000977	2.9
383	-1.047245	14.174408	41.532699	0.001081	2.8
384	-1.053147	15.174136	40.384879	0.000821	2.7
385	-1.040200	15.901827	39.588503	0.000824	2.6
386	-1.051502	14.956169	40.629693	0.001390	3.0
387	-1.053363	15.956166	39.530294	0.000622	2.9
388	-1.037162	15.014060	40.564383	0.000932	3.0
389	-1.047329	15.965199	39.520634	0.001079	2.9
390	-1.043166	15.096732	40.471479	0.000442	2.8
391	-1.054550	16.087367	39.390451	0.001679	2.9
392	-1.045140	15.819356	39.677178	0.003294	3.1
393	-1.036863	15.089762	40.479296	0.001062	2.9
394	-1.043939	14.143726	41.568959	0.001478	2.9
395	-1.042341	15.143640	40.418954	0.001115	2.8
396	-1.049520	14.197558	41.505382	0.001119	2.7
397	-1.051756	13.361520	42.515235	0.001036	2.8
398	-1.043931	13.725955	42.069055	0.001600	2.8
399	-1.054495	14.725955	40.891507	0.001553	2.8
400	-1.051228	15.725953	39.778086	0.000582	2.7
401	-1.051073	14.910607	40.681243	0.001040	2.7
402	-1.050472	14.027631	41.706735	0.000858	2.7
403	-1.043718	13.081711	42.864284	0.002018	2.8
404	-1.041617	14.078447	41.646317	0.001727	2.8
405	-1.051199	13.132366	42.800670	0.001096	2.7
406	-1.048825	14.132366	41.582401	0.001359	2.8
407	-1.045493	15.112978	40.453272	0.000438	2.7
408	-1.047248	16.110713	39.365672	0.000796	2.6
409	-1.055507	16.990909	38.453624	0.001408	2.8
410	-1.045539	16.044867	39.435642	0.000941	2.7
411	-1.054554	17.044727	38.399227	0.001428	2.8
412	-1.047563	18.044710	37.415776	0.001434	2.7
413	-1.046694	17.098710	38.344818	0.000964	2.7
414	-1.049257	16.152629	39.321258	0.001790	2.8
415	-1.044854	15.206548	40.348727	0.001649	2.8
416	-1.047381	16.206548	39.264275	0.001903	2.7
417	-1.053961	15.766242	39.734497	0.001639	2.6
418	-1.048122	14.825193	40.778234	0.000989	2.6
419	-1.034596	15.825160	39.670924	0.001189	2.8
420	-1.049081	14.879940	40.716014	0.000867	3.0
421	-1.055088	15.879930	39.612010	0.001245	3.1
422	-1.048576	16.879771	38.566446	0.000859	3.2
423	-1.040257	15.986878	39.497470	0.001603	3.0
424	-1.056339	15.040804	40.534282	0.000850	2.9
425	-1.049379	16.040696	39.440083	0.001405	3.1
426	-1.042892	15.094872	40.473565	0.001415	3.7
427	-1.048712	16.094857	39.382498	0.001754	3.5
428	-1.049576	15.149443	40.412465	0.001105	3.0
429	-1.043461	16.149419	39.324656	0.001775	3.0
430	-1.046512	15.203338	40.352305	0.001433	3.0
431	-1.049000	16.201058	39.270069	0.002438	3.1
432	-1.047239	15.254977	40.294830	0.001017	3.1
433	-1.051247	16.254792	39.213429	0.001032	3.1
434	-1.050252	16.243672	39.225137	0.001132	3.2
435	-1.062706	17.243537	38.199607	0.000913	3.0
436	-1.047646	16.298752	39.167212	0.001259	3.0
437	-1.043256	17.298751	38.144537	0.001604	3.2
438	-1.044720	18.298751	37.173907	0.001443	3.0
439	-1.048599	19.298751	36.251449	0.001028	2.9
440	-1.052966	18.352731	37.122916	0.001714	2.8
441	-1.054524	19.352631	36.203045	0.001745	3.2
442	-1.047311	20.352611	35.327591	0.001396	3.0
443	-1.065744	19.406530	36.154753	0.001406	3.1
444	-1.044361	20.405624	35.282359	0.000785	3.0
445	-1.044962	21.405623	34.450340	0.000307	3.0
446	-1.047220	22.262958	33.767643	0.000632	3.2
447	-1.042866	22.035459	33.946149	0.000991	2.9
448	-1.049785	21.253116	34.574683	0.001176	3.1
449	-1.044984	22.107049	33.889773	0.001172	3.0
450	-1.043260	23.106977	33.121475	0.001502	2.9
451	-1.049886	24.106977	32.387187	0.001064	3.1
452	-1.041911	25.106977	31.684752	0.001409	3.1
453	-1.058816	24.161066	32.348398	0.000944	2.9
454	-1.040197	23.215416	33.040244	0.000544	2.9
455	-1.044033	22.688489	33.438742	0.000687	2.9
456	-1.043948	22.612666	33.496877	0.000926	2.9
457	-1.042908	21.802507	34.130901	0.001256	2.8
458	-1.044998	22.802439	33.351753	0.000681	2.8
459	-1.044912	23.802001	32.607654	0.001290	2.8
460	-1.043029	24.797528	31.898842	0.000848	2.8
461	-1.047177	23.976161	32.481388	0.001997	2.8
462	-1.058099	24.330378	32.227574	0.001838	2.8
463	-1.050456	25.330378	31.531971	0.000804	2.8
464	-1.045449	26.313389	30.876844	0.001599	2.8
465	-1.038319	25.367311	31.506854	0.000742	2.8
466	-1.043654	24.464072	32.132804	0.000697	2.8
467	-1.055820	23.840378	32.579746	0.000821	2.6
468	-1.047616	24.499231	32.107974	0.001034	2.7
469	-1.046608	23.732736	32.658144	0.001896	2.8
470	-1.049342	24.732734	31.944036	0.001053	2.6
471	-1.057502	23.787660	32.618094	0.001239	2.9
472	-1.050557	22.844424	33.319816	0.001126	2.7
473	-1.040759	21.989138	33.982726	0.001592	2.8
474	-1.051222	22.989138	33.210201	0.002012	2.8
475	-1.044244	22.043057	33.940157	0.001552	2.8
476	-1.056242	23.043057	33.169544	0.000547	2.7
477	-1.052788	22.097020	33.897660	0.001974	2.8
478	-1.037717	21.150990	34.658453	0.000615	2.7
479	-1.053159	20.207636	35.451878	0.000681	2.9
480	-1.056875	21.170518	34.642404	0.001170	2.8
481	-1.051627	22.138174	33.865322	0.000458	2.7
482	-1.054064	21.195105	34.622218	0.000667	2.7
483	-1.042483	20.553729	35.156607	0.000784	2.9
484	-1.048644	20.997526	34.785099	0.001167	2.7
485	-1.036126	20.425275	35.265623	0.000502	2.9
486	-1.041631	20.456033	35.239458	0.000619	2.8
487	-1.055773	19.675760	35.915448	0.000565	2.7
488	-1.049761	19.032431	36.492616	0.001373	2.9
489	-1.049873	20.021193	35.613009	0.001242	3.1
490	-1.055137	19.075112	36.453751	0.001466	3.1
491	-1.052226	18.129499	37.334701	0.001743	2.9
492	-1.044346	19.129499	36.404345	0.001112	2.7
493	-1.045783	20.129480	35.519246	0.000852	2.9
494	-1.054148	19.193694	36.346202	0.001156	3.0
495	-1.049143	18.251907	37.218271	0.001344	2.8
496	-1.042430	17.305845	38.137473	0.000727	3.0
497	-1.045259	18.305808	37.167233	0.002520	3.0
498	-1.050790	19.302486	36.248089	0.002061	2.9
499	-1.060690	20.302486	35.370465	0.002005	2.9
500	-1.048251	19.356405	36.199660	0.002999	3.0
501	-1.041588	18.835081	36.673406	0.000656	3.1
502	-1.049187	19.835081	35.775321	0.000847	3.1
503	-1.055828	20.445590	35.248337	0.002031	2.8
504	-1.048013	19.504327	36.067459	0.001704	2.8
505	-1.045387	18.558245	36.930054	0.001068	2.9
506	-1.041593	19.558245	36.019510	0.001900	3.0
507	-1.054993	20.558245	35.152787	0.000647	3.1
508	-1.045558	21.283915	34.549500	0.000775	3.0
509	-1.045856	20.353125	35.327152	0.000675	2.9
510	-1.048263	19.410883	36.150859	0.000690	2.8
511	-1.047679	18.636144	36.857473	0.001250	3.0
512	-1.044202	19.043895	36.482168	0.001264	3.3
513	-1.048725	20.043778	35.593413	0.001567	3.0
514	-1.047254	19.099082	36.431959	0.001151	2.9
515	-1.057434	18.153537	37.311779	0.001307	2.8
516	-1.047842	17.207455	38.235682	0.001172	2.9
517	-1.042598	17.988103	37.470100	0.001421	3.3
518	-1.040266	17.042022	38.401958	0.000892	3.1
519	-1.052128	18.042020	37.418354	0.000904	2.9
520	-1.050945	17.196953	38.246195	0.000481	2.8
521	-1.048875	17.390683	38.053195	0.000962	2.8
522	-1.049007	17.722036	37.727564	0.001630	3.0
523	-1.050356	16.776213	38.672170	0.001090	3.3
524	-1.050361	17.776213	37.674853	0.001306	3.2
525	-1.054407	16.830583	38.616590	0.001686	2.9
526	-1.051713	17.830583	37.622101	0.000759	2.8
527	-1.046203	16.884502	38.561630	0.001402	2.7
528	-1.041646	15.948033	39.538996	0.000566	3.9
529	-1.040086	15.445715	40.083947	0.001406	3.1
530	-1.044189	16.443554	39.015745	0.000656	2.9
531	-1.046867	15.497733	40.026818	0.001443	2.8
532	-1.044719	14.576639	41.063129	0.001136	2.8
533	-1.049860	15.525146	39.996777	0.000962	2.9
534	-1.051786	14.579187	41.060189	0.001486	2.8
535	-1.035808	15.579183	39.937691	0.000806	2.7
536	-1.045929	16.291351	39.174985	0.001532	2.7
537	-1.035909	17.155091	38.288157	0.001066	2.6
538	-1.053892	16.209013	39.261674	0.001133	2.6
539	-1.055995	15.262935	40.285987	0.001564	2.8
540	-1.050069	14.316857	41.365180	0.000525	2.7
541	-1.048090	13.377758	42.495153	0.000955	2.7
542	-1.046749	12.482600	43.631263	0.000458	2.6
543	-1.053164	11.598573	44.814481	0.001464	2.7
544	-1.043578	12.134600	44.089505	0.000996	2.6
545	-1.054032	13.134302	42.798242	0.000738	2.8
546	-1.043999	14.129368	41.585949	0.000736	2.7
547	-1.055653	13.296555	42.595769	0.001109	2.7
548	-1.051351	12.534822	43.563319	0.001309	2.6
549	-1.041946	13.534572	42.302193	0.001454	2.7
550	-1.052593	12.588491	43.493711	0.001065	2.7
551	-1.047414	13.585019	42.240489	0.001326	2.9
552	-1.043674	12.639845	43.427315	0.001969	2.9
553	-1.051294	11.727918	44.637369	0.000646	2.7
554	-1.049911	10.878694	45.826473	0.002520	2.7
555	-1.063111	11.878693	44.432671	0.002188	2.6
556	-1.045519	12.878693	43.121148	0.000680	2.7
557	-1.048956	11.940697	44.349035	0.001188	2.8
558	-1.046592	12.258234	43.925607	0.001971	2.9
559	-1.052072	13.177299	42.744400	0.000931	2.9
560	-1.037059	12.231225	43.961308	0.000555	2.8
561	-1.044214	11.451558	45.017504	0.000889	2.9
562	-1.043777	12.304490	43.864600	0.000770	3.0
563	-1.049621	13.295284	42.597348	0.001585	3.2
564	-1.049879	14.279042	41.409518	0.001142	3.1
565	-1.045160	15.279042	40.268101	0.000696	2.9
566	-1.049671	16.273380	39.193873	0.001112	2.9
567	-1.043825	15.456345	40.072260	0.000594	3.1
568	-1.043131	16.455259	39.003552	0.000625	3.1
569	-1.048097	15.567089	39.950901	0.000499	3.1
570	-1.047637	16.323072	39.141690	0.000819	3.1
571	-1.043382	16.756829	38.692024	0.002454	3.0
572	-1.051361	17.756829	37.693696	0.001532	3.0
573	-1.037056	16.810748	38.636848	0.000455	2.9
574	-1.049424	16.296783	39.169280	0.000857	3.1
575	-1.054811	16.282214	39.184586	0.001580	3.1
576	-1.039435	17.281877	38.161350	0.001394	3.0
577	-1.046697	16.335796	39.128351	0.001827	3.1
578	-1.037673	17.090053	38.353534	0.001498	2.9
579	-1.045567	16.143976	39.330418	0.000644	2.9
580	-1.046783	16.758153	38.690667	0.000902	3.0
581	-1.046185	17.648372	37.799474	0.000787	3.1
582	-1.049526	16.703860	38.746381	0.001235	3.1
583	-1.044278	15.759186	39.742124	0.000852	3.3
584	-1.043903	16.296681	39.169386	0.000943	3.1
585	-1.046556	15.352225	40.187035	0.001509	3.3
586	-1.047834	16.066099	39.413053	0.001406	3.3
587	-1.056097	15.120017	40.445388	0.002642	3.5
588	-1.049654	14.173936	41.533257	0.002035	3.2
589	-1.041978	15.173936	40.385103	0.001081	4.1
590	-1.041791	16.173936	39.298720	0.000696	3.5
591	-1.049299	17.173196	38.269998	0.002573	3.2
592	-1.046938	17.547422	37.898465	0.001187	3.4
593	-1.050349	18.547422	36.940161	0.000521	3.1
594	-1.049450	17.612861	37.834237	0.001115	3.4
595	-1.047803	16.686191	38.764547	0.002516	3.2
596	-1.057280	15.740109	39.762759	0.001257	3.0
597	-1.051070	16.740109	38.709165	0.001174	3.2
598	-1.046773	15.794243	39.704258	0.002311	3.3
599	-1.043728	16.794242	38.653721	0.001513	3.2
600	-1.050763	15.848161	39.646161	0.001333	2.9
601	-1.047563	14.902080	40.690905	0.002109	2.9
602	-1.048076	13.956001	41.792198	0.000982	2.8
603	-1.047192	14.956001	40.629884	0.001315	3.3
604	-1.056099	15.942641	39.544766	0.001773	3.1
605	-1.044570	16.942640	38.502543	0.001457	3.1
606	-1.045549	15.996708	39.486976	0.001722	3.2
607	-1.044256	15.050627	40.523238	0.001436	3.4
608	-1.052302	14.104546	41.615355	0.001419	3.2
609	-1.046884	13.279168	42.617374	0.000909	3.1
610	-1.048909	12.334884	43.824605	0.001150	3.1
611	-1.046447	13.334872	42.548233	0.001440	3.4
612	-1.041304	14.333660	41.345509	0.001494	3.2
613	-1.050656	13.387578	42.483018	0.001076	3.6
614	-1.047768	14.322550	41.358512	0.000662	3.7
615	-1.049476	13.747741	42.042678	0.001501	3.5
616	-1.052674	14.747089	40.867331	0.000973	3.5
617	-1.050558	15.746894	39.755417	0.001435	3.1
618	-1.049525	14.800815	40.806002	0.001519	3.2
619	-1.036803	15.800815	39.697168	0.000430	3.2
620	-1.048577	14.878199	40.717989	0.000948	3.4
621	-1.048040	14.000754	41.738761	0.000595	3.1
622	-1.038616	14.958279	40.627309	0.000835	3.2
623	-1.047665	14.135361	41.578856	0.001405	3.0
624	-1.043752	13.189512	42.729131	0.001149	3.1
625	-1.054499	12.243431	43.945167	0.001060	4.1
626	-1.049773	13.242889	42.662525	0.000868	3.1
627	-1.043626	12.380110	43.765228	0.001089	3.1
628	-1.043759	11.434036	45.041824	0.000855	3.3
629	-1.049341	12.376783	43.769591	0.001174	3.1
630	-1.050645	13.359102	42.518227	0.000935	3.3
631	-1.043433	12.413025	43.722115	0.000745	3.1
632	-1.052163	12.725622	43.316862	0.002431	3.1
633	-1.054168	11.789678	44.553293	0.001544	3.0
634	-1.052762	10.843596	45.876983	0.001850	2.9
635	-1.048615	9.897515	47.281735	0.001516	3.2
636	-1.050201	10.897515	45.799434	0.001175	3.2
637	-1.049765	9.951434	47.199369	0.001424	3.0
638	-1.057739	9.005353	48.687583	0.000664	3.6
639	-1.041057	8.059388	50.272502	0.001014	3.1
640	-1.043816	9.032598	48.643415	0.000320	3.3
641	-1.050024	8.754179	49.098586	0.001200	3.2
642	-1.055312	9.256073	48.284129	0.000849	3.2
643	-1.051448	9.057546	48.603040	0.001258	3.2
644	-1.042431	9.314077	48.191740	0.002180	3.1
645	-1.050175	8.367999	49.744218	0.001555	3.1
646	-1.052366	7.453626	51.342776	0.001126	3.2
647	-1.039425	8.453626	49.599602	0.002005	3.2
648	-1.054510	9.382583	48.083078	0.002347	3.1
649	-1.044508	8.436523	49.628419	0.000638	3.0
650	-1.053045	9.320943	48.180828	0.000585	3.1
651	-1.052789	8.438668	49.624804	0.001196	3.2
652	-1.044382	9.194036	48.383334	0.001613	3.2
653	-1.053327	10.194031	46.832297	0.000687	3.0
654	-1.061018	9.290257	48.229637	0.001268	3.0
655	-1.056315	8.351434	49.772291	0.001401	3.5
656	-1.044029	7.430997	51.383641	0.001733	3.2
657	-1.043344	6.494990	53.132884	0.001576	3.0
658	-1.055432	7.494147	51.269762	0.000948	2.9
659	-1.044049	6.619668	52.893036	0.000538	2.9
660	-1.045339	6.974197	52.222701	0.002760	3.2
661	-1.056299	7.969671	50.428193	0.000593	2.9
662	-1.050919	8.969483	48.745857	0.001464	3.0
663	-1.046645	9.269848	48.262156	0.000794	3.0
664	-1.050088	8.429285	49.640626	0.001900	2.9
665	-1.057970	7.486434	51.283644	0.000673	3.0
666	-1.048720	8.486414	49.544448	0.001569	2.9
667	-1.043953	9.486328	47.919452	0.001085	3.2
668	-1.055554	8.893127	48.870369	0.000729	3.1
669	-1.052562	7.947143	50.467437	0.001308	2.9
670	-1.042001	8.941231	48.791852	0.003671	3.0
671	-1.047334	9.941231	47.214932	0.001278	2.9
672	-1.048566	10.941230	45.736752	0.001217	3.0
673	-1.043370	10.143450	46.908359	0.001291	3.0
674	-1.046503	11.143305	45.449219	0.001479	3.0
675	-1.043167	12.143305	44.077926	0.001565	2.9
676	-1.048914	11.201167	45.367553	0.000936	3.0
677	-1.056346	10.259894	46.733624	0.000931	3.0
678	-1.039688	11.256385	45.289889	0.002137	3.0
679	-1.050354	10.310304	46.658382	0.002602	2.9
680	-1.049360	11.310304	45.214311	0.001399	2.8
681	-1.045891	10.364223	46.578171	0.000743	3.1
682	-1.035556	9.420552	48.023064	0.000388	3.1
683	-1.044751	10.323595	46.638584	0.001713	2.9
684	-1.056636	11.323187	45.196290	0.001367	3.0
685	-1.057235	12.321788	43.841828	0.001268	2.9
686	-1.041900	13.321788	42.564452	0.000457	3.0
687	-1.054460	12.943133	43.039284	0.001628	2.9
688	-1.046842	12.183946	44.023942	0.000850	3.4
689	-1.054811	11.919408	44.377716	0.001026	3.2
690	-1.053298	12.918697	43.070290	0.000883	3.2
691	-1.047200	13.901802	41.857098	0.000937	3.2
692	-1.052034	14.897880	40.695666	0.000749	3.1
693	-1.042865	15.882995	39.608718	0.001680	3.1
694	-1.052440	16.872799	38.573545	0.001883	3.0
695	-1.043023	15.963895	39.522029	0.000977	3.0
696	-1.050650	15.020429	40.557211	0.000945	3.3
697	-1.047372	16.017604	39.464686	0.000662	3.0
698	-1.046829	15.096821	40.471379	0.001263	2.9
699	-1.043323	14.495015	41.157558	0.002825	3.0
700	-1.048611	13.548933	42.284609	0.000688	3.1
701	-1.039465	14.548933	41.095133	0.001041	3.1
702	-1.047440	13.605371	42.215647	0.000650	3.2
703	-1.053958	14.604060	41.031503	0.002075	3.0
704	-1.043832	15.604060	39.910549	0.001430	2.9
705	-1.055764	16.604060	38.849213	0.000808	3.1
706	-1.048580	17.604060	37.842863	0.000740	3.0
707	-1.051274	17.919159	37.536477	0.001516	3.2
708	-1.050835	16.973082	38.471676	0.000662	3.0
709	-1.050814	16.039106	39.441776	0.001784	3.0
710	-1.065283	16.491125	38.966239	0.001196	2.8
711	-1.046951	17.491125	37.953895	0.001472	3.1
712	-1.054198	18.491123	36.992823	0.001082	3.3
713	-1.054429	17.545042	37.900805	0.000726	2.9
714	-1.035612	17.999545	37.459107	0.000519	2.9
715	-1.049160	17.698928	37.750092	0.002510	2.9
716	-1.044886	17.055764	38.388091	0.001756	2.9
717	-1.053379	18.055764	37.405186	0.000993	3.1
718	-1.049657	19.055764	36.471358	0.001155	3.0
719	-1.049309	20.055764	35.583021	0.001115	3.1
720	-1.049364	21.055697	34.736985	0.001367	2.9
721	-1.049642	22.030328	33.950197	0.000816	2.8
722	-1.041529	23.011917	33.193013	0.000634	3.1
723	-1.049095	23.717752	32.669087	0.001083	3.4
724	-1.045048	24.697819	31.968443	0.002061	2.8
725	-1.055657	25.697772	31.283894	0.001124	2.8
726	-1.042799	25.149700	31.655420	0.000668	2.8
727	-1.049952	26.064542	31.040101	0.001234	3.0
728	-1.049240	26.961400	30.459664	0.001191	3.0
729	-1.059514	27.961379	29.837561	0.000686	2.9
730	-1.052328	27.024845	30.419424	0.000899	2.7
731	-1.053949	28.006117	29.810322	0.001327	2.7
732	-1.057642	27.061188	30.396421	0.000861	2.7
733	-1.050942	28.061140	29.776889	0.001663	2.9
734	-1.046266	29.061139	29.182079	0.001579	3.2
735	-1.048298	28.162628	29.715420	0.000937	2.8
736	-1.045198	27.217577	30.297834	0.000708	2.7
737	-1.049027	28.095930	29.755789	0.001242	2.8
738	-1.055622	27.174225	30.325098	0.001158	2.7
739	-1.048529	28.093139	29.757480	0.000691	2.9
740	-1.033994	29.035682	29.196926	0.001377	2.8
741	-1.047269	29.189371	29.107520	0.001319	2.7
742	-1.048107	30.189371	28.538896	0.001204	2.7
743	-1.040663	29.243943	29.075905	0.000962	2.7
744	-1.051537	30.243931	28.508510	0.001665	3.0
745	-1.043396	31.243931	27.962830	0.000933	2.8
746	-1.042414	30.347703	28.450896	0.002049	2.8
747	-1.044776	31.347703	27.907397	0.001082	2.7
748	-1.041705	30.421000	28.410340	0.000746	2.7
749	-1.044131	31.395757	27.881802	0.001521	2.9
750	-1.051596	30.450011	28.394321	0.000943	2.9
751	-1.041575	29.503931	28.926226	0.001366	3.0
752	-1.046729	28.557849	29.478441	0.001275	3.1
753	-1.035443	29.557849	28.895377	0.001122	2.8
754	-1.053338	28.613167	29.445573	0.000995	2.7
755	-1.049331	27.667165	30.017942	0.001205	3.1
756	-1.052146	27.125901	30.355548	0.001242	2.9
757	-1.058151	26.180034	30.964117	0.000803	3.0
758	-1.045477	25.532590	31.394945	0.000972	3.0
759	-1.035766	24.607219	32.031949	0.000752	2.9
760	-1.035028	25.604046	31.346809	0.001060	3.3
761	-1.040033	26.601328	30.690071	0.000770	3.0
762	-1.046931	25.657880	31.310641	0.001525	3.1
763	-1.049006	24.711825	31.958648	0.000573	2.9
764	-1.043459	24.449611	32.143028	0.001638	2.8
765	-1.056329	23.984995	32.475009	0.001906	3.3
766	-1.047402	23.038913	33.172665	0.001278	3.1
767	-1.049744	22.092832	33.900954	0.001913	3.3
768	-1.047120	23.092766	33.132149	0.001051	3.1
769	-1.047016	24.073596	32.411173	0.000959	3.0
770	-1.037960	23.266098	33.002414	0.001067	3.1
771	-1.043210	24.262842	32.275660	0.001253	3.3
772	-1.056064	25.259285	31.580431	0.001487	3.2
773	-1.047379	24.947618	31.794643	0.000999	3.2
774	-1.046378	25.934324	31.126221	0.000590	3.0
775	-1.041532	25.066039	31.712909	0.001243	3.5
776	-1.038959	25.754753	31.245767	0.001238	3.1
777	-1.063066	24.825388	31.879449	0.001113	3.0
778	-1.044252	25.810275	31.208706	0.001073	3.3
779	-1.039651	26.802193	30.561111	0.000292	3.3
780	-1.049047	26.655405	30.655245	0.000919	3.3
781	-1.050737	27.593468	30.063467	0.001491	2.9
782	-1.038795	28.593456	29.457276	0.001714	2.9
783	-1.045536	27.647671	30.029970	0.001618	3.2
784	-1.049684	26.807821	30.557513	0.000519	3.1
785	-1.044724	25.861778	31.174406	0.001351	3.1
786	-1.041199	24.916107	31.816463	0.000423	2.9
787	-1.049868	24.190709	32.327178	0.001857	3.0
788	-1.052441	23.467716	32.852781	0.000650	3.0
789	-1.055556	24.467570	32.130332	0.000818	3.1
790	-1.040520	23.890474	32.543389	0.000836	3.1
791	-1.043849	23.929177	32.515354	0.001706	3.0
792	-1.046579	24.929171	31.807413	0.001014	2.8
793	-1.044251	23.983090	32.476385	0.001684	2.7
794	-1.048576	24.983086	31.770119	0.000563	2.7
795	-1.037073	25.876438	31.164657	0.001270	2.9
796	-1.046542	26.706946	30.622126	0.000358	3.1
797	-1.042125	27.691308	30.003058	0.001868	2.9
798	-1.039327	28.680295	29.405786	0.000636	2.7
799	-1.044395	27.734214	29.976643	0.001010	2.7
800	-1.051016	28.733761	29.374174	0.000635	2.8
801	-1.033517	27.788764	29.943126	0.002227	3.1
802	-1.050713	26.845285	30.533586	0.000476	3.0
803	-1.043850	25.906686	31.144561	0.000721	2.8
804	-1.046226	26.742433	30.599365	0.001676	2.7
805	-1.052010	27.187719	30.316607	0.000652	2.7
806	-1.053127	27.136317	30.348980	0.002080	2.7
807	-1.044021	26.190619	30.957172	0.000840	3.0
808	-1.033179	25.542434	31.388305	0.001257	2.9
809	-1.049533	25.537044	31.391940	0.001365	2.8
810	-1.047970	24.590966	32.043368	0.001281	2.7
811	-1.047109	24.600883	32.036400	0.001488	2.7
812	-1.051658	25.600883	31.348936	0.000907	2.6
813	-1.050818	25.005489	31.754648	0.002366	2.9
814	-1.044999	26.001195	31.081936	0.001115	2.8
815	-1.045012	25.055113	31.720433	0.001562	2.8
816	-1.048593	26.055112	31.046321	0.000927	2.6
817	-1.045514	25.109192	31.683230	0.000744	2.7
818	-1.052933	25.127659	31.670546	0.000799	3.5
819	-1.041689	25.297622	31.554280	0.002086	3.4
820	-1.045126	26.297466	30.887239	0.000599	2.9
821	-1.054091	27.296914	30.248064	0.001633	2.8
822	-1.039393	26.397309	30.822175	0.000979	2.8
823	-1.047439	25.501048	31.416241	0.001008	2.7
824	-1.048269	24.559401	32.065569	0.000889	3.2
825	-1.053944	23.665435	32.707353	0.001154	3.0
826	-1.039503	22.850197	33.315429	0.001034	2.9
827	-1.049042	23.849856	32.572861	0.000985	2.8
828	-1.038871	24.848862	31.863127	0.001740	2.8
829	-1.049742	25.362598	31.510057	0.000970	3.3
830	-1.044758	24.417835	32.165517	0.003555	3.0
831	-1.052307	25.417835	31.472561	0.001415	3.0
832	-1.054246	24.471753	32.127376	0.001364	2.9
833	-1.057586	23.579954	32.770068	0.000989	2.8
834	-1.047675	22.917338	33.264496	0.001215	3.0
835	-1.040331	23.916525	32.524514	0.001795	3.0
836	-1.038577	24.916525	31.816174	0.001509	3.0
837	-1.042591	25.916525	31.138029	0.001082	2.8
838	-1.047654	24.970443	31.778857	0.000551	3.0
839	-1.048258	25.819634	31.202468	0.001682	3.3
840	-1.050620	24.933745	31.804246	0.002378	3.3
841	-1.051333	24.046981	32.430323	0.001392	3.1
842	-1.044293	25.046979	31.726036	0.000871	2.9
843	-1.053336	24.348874	32.214430	0.000820	2.9
844	-1.051578	23.419415	32.888505	0.000651	2.8
845	-1.048047	24.264176	32.274709	0.001388	3.2
846	-1.044840	23.347894	32.941544	0.000863	3.0
847	-1.049298	22.401814	33.659610	0.000962	3.1
848	-1.052139	21.464559	34.402527	0.001130	2.9
849	-1.047636	20.858663	34.900496	0.001192	3.0
850	-1.047405	21.825147	34.112857	0.001942	3.2
851	-1.047150	20.879066	34.883494	0.000659	3.1
852	-1.043293	20.103921	35.541332	0.000911	3.2
853	-1.055622	20.647054	35.077826	0.000466	2.8
854	-1.044991	21.584577	34.305569	0.001417	2.8
855	-1.050704	20.687541	35.043758	0.000903	3.2
856	-1.048812	21.684827	34.224998	0.001052	3.6
857	-1.041622	20.744571	34.995883	0.000524	3.4
858	-1.049705	19.805152	35.801561	0.001931	3.0
859	-1.052736	18.861259	36.649322	0.001117	2.9
860	-1.050285	19.861259	35.752401	0.001330	3.3
861	-1.054019	18.916175	36.598901	0.000966	3.4
862	-1.047341	19.902922	35.715984	0.001192	3.1
863	-1.053975	20.902229	34.864210	0.000424	3.2
864	-1.045505	20.260596	35.406375	0.000458	2.9
865	-1.036516	19.942853	35.681151	0.001142	2.9
866	-1.044633	19.004809	36.517813	0.001394	2.8
867	-1.038838	18.628429	36.864649	0.001312	3.0
868	-1.056770	17.682348	37.766273	0.000793	3.0
869	-1.043733	17.056521	38.387327	0.000787	2.8
870	-1.044954	18.054327	37.406563	0.001585	3.0
871	-1.043258	19.046737	36.479580	0.000860	2.9
872	-1.051036	19.676025	35.915213	0.000634	2.8
873	-1.047150	20.647679	35.077300	0.001559	2.9
874	-1.048423	21.252185	34.575446	0.001505	2.8
875	-1.042268	20.306234	35.367255	0.001395	2.7
876	-1.040129	19.360153	36.196298	0.001199	2.8
877	-1.042415	20.359489	35.321716	0.001083	2.7
878	-1.053631	21.359111	34.488168	0.000877	2.8
879	-1.040275	20.622402	35.098602	0.000637	2.8
880	-1.055077	21.610664	34.284566	0.001824	2.8
881	-1.052778	22.609292	33.499469	0.001182	3.1
882	-1.048330	23.609292	32.748516	0.001180	4.3
883	-1.045485	24.445403	32.146004	0.001051	3.3
884	-1.058993	23.502361	32.827205	0.000713	3.2
885	-1.048750	23.199815	33.051906	0.001271	3.0
886	-1.048998	22.272218	33.760417	0.001683	3.0
887	-1.057359	21.326140	34.515033	0.000626	2.8
888	-1.054105	20.926287	34.844205	0.000715	2.8
889	-1.051587	20.399635	35.287464	0.001728	2.9
890	-1.049427	19.454037	36.112295	0.000771	2.9
891	-1.044213	18.508006	36.977014	0.000766	2.9
892	-1.043989	19.504803	36.067034	0.000600	2.9
893	-1.049873	20.447269	35.246909	0.001483	3.0
894	-1.046809	19.556882	36.020721	0.001577	3.1
895	-1.041870	18.610800	36.881056	0.000824	3.0
896	-1.046634	17.665300	37.782925	0.001817	3.4
897	-1.048143	18.629426	36.863721	0.001034	3.2
898	-1.048347	19.629381	35.956446	0.000998	3.1
899	-1.043582	20.604877	35.113387	0.000831	3.5
900	-1.039802	20.917909	34.851169	0.001428	3.6
901	-1.050466	21.914832	34.041567	0.001089	3.6
902	-1.048245	22.913612	33.267318	0.001447	3.4
903	-1.041726	23.892225	32.542119	0.001641	3.3
904	-1.046208	22.966252	33.227488	0.000394	3.4
905	-1.058264	22.588613	33.515361	0.001484	3.6
906	-1.050604	21.704084	34.209565	0.001215	4.0
907	-1.039569	22.704084	33.426810	0.001092	3.4
908	-1.051204	23.704084	32.679076	0.001293	3.1
909	-1.041387	23.934366	32.511600	0.001556	3.4
910	-1.049050	24.934344	31.803831	0.001396	3.2
911	-1.041396	25.934141	31.126342	0.001651	4.0
912	-1.052611	24.988069	31.766677	0.001445	3.2
913	-1.044140	24.041988	32.433918	0.001466	3.2
914	-1.047271	23.095906	33.129790	0.001053	3.3
915	-1.047122	22.149825	33.856177	0.000587	3.3
916	-1.052132	22.304223	33.735465	0.001811	3.5
917	-1.053870	23.169472	33.074612	0.001163	3.3
918	-1.048136	24.169421	32.342414	0.000562	3.3
919	-1.050897	25.158190	31.649597	0.001202	3.6
920	-1.055783	26.145894	30.986540	0.002066	3.5
921	-1.049072	27.008657	30.429681	0.001235	3.1
922	-1.056617	26.062576	31.041397	0.000747	3.2
923	-1.047592	27.059537	30.397465	0.001086	3.2
924	-1.049088	26.435342	30.797462	0.001243	3.5
925	-1.046156	25.492780	31.421828	0.001333	3.6
926	-1.048328	26.492779	30.760215	0.001103	3.2
927	-1.045020	25.546698	31.385430	0.000830	3.3
928	-1.048160	26.545636	30.726019	0.000491	3.2
929	-1.055668	25.617693	31.337632	0.000763	5.0
930	-1.050561	26.389124	30.827498	0.001387	4.5
931	-1.043589	27.388249	30.190969	0.001236	3.5
932	-1.044038	26.442168	30.793031	0.002347	3.3
933	-1.049197	27.442168	30.157365	0.001762	3.5
934	-1.048292	26.496086	30.758074	0.000372	3.2
935	-1.050523	25.794279	31.219375	0.000751	3.2
936	-1.053718	26.358263	30.847587	0.002482	3.3
937	-1.048648	27.358262	30.209690	0.000839	3.2
938	-1.048308	26.419279	30.807894	0.002877	3.4
939	-1.050108	25.473198	31.435068	0.001548	3.1
940	-1.054171	24.527116	32.088308	0.002085	3.1
941	-1.041822	25.527116	31.398639	0.000645	3.1
942	-1.049521	26.525957	30.738742	0.001391	3.4
943	-1.047544	25.647028	31.317925	0.001504	3.5
944	-1.041907	26.647027	30.660635	0.000940	3.2
945	-1.057119	27.647025	30.030369	0.000973	3.1
946	-1.037474	28.645574	29.426352	0.000976	3.1
947	-1.051270	28.810125	29.329140	0.002115	3.2
948	-1.046960	27.864044	29.896996	0.001380	3.2
949	-1.042944	28.864044	29.297426	0.001304	3.0
950	-1.048145	29.863797	28.721571	0.000303	3.0
951	-1.047333	30.174840	28.546999	0.000990	3.0
952	-1.045587	31.093337	28.043666	0.000987	3.0
953	-1.053504	31.066975	28.057864	0.000784	3.1
954	-1.052272	31.904537	27.613664	0.001446	3.2
955	-1.041970	30.958457	28.116465	0.001191	3.3
956	-1.043079	31.958386	27.585586	0.001886	3.4
957	-1.048894	31.015629	28.085561	0.001840	3.4
958	-1.043228	30.069547	28.605856	0.000638	3.7
959	-1.053896	31.069544	28.056480	0.001048	3.5
960	-1.050451	31.500638	27.826102	0.000716	3.4
961	-1.062307	32.449158	27.332295	0.001282	3.6
962	-1.048652	31.505357	27.823601	0.000937	3.7
963	-1.064573	32.504725	27.303909	0.002412	3.6
964	-1.048671	31.558653	27.795387	0.001709	3.6
965	-1.043793	32.554183	27.278693	0.001242	3.5
966	-1.049880	33.552141	26.779666	0.001078	3.4
967	-1.051548	32.628028	27.241131	0.000920	3.6
968	-1.049636	33.628000	26.742478	0.001374	3.5
969	-1.046142	34.572869	26.287794	0.001468	3.7
970	-1.046678	34.830320	26.166573	0.000757	3.6
971	-1.047942	35.818043	25.711694	0.000692	3.5
972	-1.055032	35.794885	25.722178	0.000988	3.6
973	-1.044386	34.848907	26.157864	0.000724	3.3
974	-1.048040	33.914312	26.603049	0.002204	3.3
975	-1.046379	33.273413	26.917196	0.000959	3.5
976	-1.035136	32.327332	27.394735	0.001102	3.4
977	-1.049957	31.603472	27.771705	0.000958	3.7
978	-1.053425	30.704468	28.254582	0.001208	3.4
979	-1.049450	29.758396	28.781211	0.001860	3.6
980	-1.046209	30.758396	28.225143	0.000887	3.5
981	-1.047812	30.143933	28.564250	0.000666	3.6
982	-1.046613	30.490618	28.371928	0.001136	3.5
983	-1.047945	31.489245	27.832142	0.000966	3.6
984	-1.052222	32.244559	27.437322	0.001235	3.5
985	-1.053755	33.238745	26.934401	0.001200	3.7
986	-1.048706	32.294273	27.411728	0.000976	3.6
987	-1.049126	31.348498	27.906973	0.000979	3.2
988	-1.044338	31.490103	27.831687	0.002239	3.1
989	-1.048070	32.207961	27.456195	0.000645	3.1
990	-1.041473	33.207961	26.949697	0.002643	3.1
991	-1.052399	32.371113	27.372262	0.001722	2.9
992	-1.044599	31.425032	27.866232	0.001086	3.0
993	-1.055008	30.479061	28.378298	0.001554	3.0
994	-1.052030	31.478544	27.837818	0.001057	3.0
995	-1.060256	30.532838	28.348683	0.002726	3.1
996	-1.047247	31.532838	27.809046	0.000743	3.0
997	-1.052957	32.532805	27.289587	0.001617	3.0
998	-1.053891	33.532800	26.789164	0.000659	3.0
999	-1.046766	34.532139	26.307075	0.000541	2.9
