1:ItNr	2:Metric	3a:Time	3b:StepSize	4:||Gradient||	Time[ms]
0	-1.055801	0.000000	795.099978	0.000541	635.0
1	-1.057652	0.000000	795.099978	0.000943	2.3
2	-1.050885	0.000000	795.099978	0.000763	2.2
3	-1.059148	1.000000	758.959070	0.000609	2.1
4	-1.048676	1.834503	731.222382	0.000878	2.2
5	-1.045824	0.965765	760.141971	0.000508	2.1
6	-1.060925	0.097013	791.443772	0.000706	2.1
7	-1.051445	0.000000	795.099978	0.000744	2.1
8	-1.052475	0.000000	795.099978	0.000669	2.1
9	-1.054484	0.501507	776.554834	0.000682	2.1
10	-1.059838	0.000000	795.099978	0.000381	2.1
11	-1.051042	0.000000	795.099978	0.000424	2.1
12	-1.050041	0.000000	795.099978	0.000514	2.1
13	-1.046471	0.979673	759.660946	0.000823	2.1
14	-1.053937	1.979644	726.603932	0.000263	2.1
15	-1.051471	1.399560	745.420864	0.000146	2.1
16	-1.050394	1.447221	743.838162	0.000314	2.1
17	-1.053618	1.960650	727.204996	0.000465	2.1
18	-1.056274	2.952403	697.094953	0.001322	2.1
19	-1.051297	2.083652	723.330070	0.000459	2.1
20	-1.051985	3.062948	693.892517	0.000376	2.1
21	-1.050612	3.960237	668.947953	0.000601	2.1
22	-1.050372	3.135947	691.793842	0.000453	2.1
23	-1.051474	3.493832	681.685886	0.000450	2.3
24	-1.049814	4.291897	660.175849	0.000534	2.3
25	-1.057609	3.634544	677.792114	0.000558	2.2
26	-1.054459	2.789816	701.859134	0.000373	2.1
27	-1.048263	1.921455	728.448490	0.000983	2.1
28	-1.048990	1.052704	757.145229	0.000422	2.1
29	-1.057880	0.183953	788.195662	0.000498	2.2
30	-1.050190	1.176719	752.911163	0.000527	2.1
31	-1.067582	2.173702	720.519308	0.000575	2.2
32	-1.044201	1.304984	748.581550	0.000447	2.2
33	-1.044091	1.381478	746.023086	0.000530	2.2
34	-1.050270	1.890902	729.420785	0.000634	2.1
35	-1.053214	2.203221	719.602655	0.000574	2.1
36	-1.051876	1.334473	747.593183	0.000783	2.1
37	-1.059166	2.334473	715.555042	0.000543	2.1
38	-1.055426	1.465724	743.225528	0.000614	2.2
39	-1.056045	0.710263	769.087852	0.000819	2.2
40	-1.048950	0.000000	795.099978	0.000402	2.2
41	-1.050949	0.000000	795.099978	0.000511	2.2
42	-1.039879	0.999162	758.987997	0.000360	2.1
43	-1.040602	1.507989	741.829928	0.000219	2.2
44	-1.052065	0.712409	769.011823	0.000326	2.2
45	-1.052861	0.000000	795.099978	0.000176	2.1
46	-1.048414	0.000000	795.099978	0.000617	2.1
47	-1.057969	0.455139	778.233112	0.000556	2.1
48	-1.062610	0.000000	795.099978	0.000476	2.1
49	-1.052185	0.982880	759.550138	0.000463	2.1
50	-1.047710	0.311745	783.469359	0.000495	2.1
51	-1.055883	0.000000	795.099978	0.000410	2.1
52	-1.052571	0.900802	762.396728	0.000486	2.2
53	-1.047973	1.865135	730.242769	0.000659	2.2
54	-1.050320	2.615465	707.040883	0.000388	2.1
55	-1.059184	3.608120	678.519921	0.000374	2.1
56	-1.042259	2.832913	700.589945	0.000380	2.1
57	-1.053042	3.109197	692.561420	0.000867	2.2
58	-1.060738	2.553494	708.901182	0.000974	2.1
59	-1.052282	1.684742	736.049782	0.000353	2.1
60	-1.048910	2.684586	704.977468	0.000527	2.1
61	-1.053121	3.683074	676.459494	0.000815	2.1
62	-1.051689	2.814339	701.136374	0.000489	2.1
63	-1.067824	1.947341	727.626761	0.000713	2.1
64	-1.051264	1.799805	732.335184	0.000630	2.1
65	-1.042619	0.931057	761.344969	0.000526	2.1
66	-1.047705	0.062316	792.747558	0.000716	2.1
67	-1.047691	0.000000	795.099978	0.000134	2.2
68	-1.056330	0.844997	764.344337	0.000553	2.2
69	-1.054387	0.582849	773.628155	0.000153	2.2
70	-1.042085	0.058900	792.876136	0.000610	2.2
71	-1.050029	0.000000	795.099978	0.000911	2.1
72	-1.056188	0.982191	759.573943	0.000266	2.1
73	-1.053618	1.691187	735.840715	0.000411	2.1
74	-1.048750	0.885326	762.935827	0.000474	2.3
75	-1.054446	0.043278	793.464745	0.000474	2.3
76	-1.057196	0.000000	795.099978	0.000306	2.1
77	-1.050825	0.000000	795.099978	0.000509	2.1
78	-1.061070	0.810184	765.564371	0.000510	2.1
79	-1.054928	1.810080	732.005294	0.000471	2.1
80	-1.047790	2.788947	701.884777	0.000450	2.1
81	-1.047689	1.924905	728.338876	0.000297	2.2
82	-1.043287	2.911378	698.290992	0.000330	2.1
83	-1.043913	3.887975	670.890252	0.000222	2.2
84	-1.056061	4.273756	660.649712	0.000311	2.2
85	-1.053790	4.917899	644.230450	0.000254	2.1
86	-1.044047	5.361804	633.382289	0.000646	2.1
87	-1.047081	6.351246	610.469425	0.000805	2.1
88	-1.042911	7.351246	588.937060	0.000456	2.1
89	-1.061439	6.502341	607.115575	0.000823	2.2
90	-1.060452	5.633590	626.918859	0.000534	2.1
91	-1.055965	6.378753	609.856107	0.000879	2.1
92	-1.055128	7.378539	588.370649	0.000492	2.1
93	-1.046398	7.405222	587.817952	0.000205	2.1
94	-1.057390	6.870327	599.099513	0.000404	2.1
95	-1.047147	7.303983	589.920483	0.000314	2.2
96	-1.045683	8.162163	572.560389	0.000332	2.4
97	-1.053743	8.038700	574.994739	0.000862	2.3
98	-1.040671	7.214344	591.794720	0.000677	2.2
99	-1.045644	6.345865	610.589564	0.000294	2.1
100	-1.055008	6.082665	616.523498	0.000221	2.1
101	-1.045974	6.336469	610.799426	0.000837	2.1
102	-1.049702	5.468644	630.825655	0.000327	2.1
103	-1.059429	6.455594	608.149281	0.000611	2.2
104	-1.058944	5.891930	620.896299	0.000712	2.5
105	-1.048964	6.878522	598.923417	0.000592	2.3
106	-1.056793	7.878065	578.193157	0.000975	2.2
107	-1.050683	8.877914	558.844221	0.000478	2.2
108	-1.054773	8.009163	575.580196	0.000656	2.1
109	-1.052305	8.569173	564.679292	0.000367	2.1
110	-1.056403	9.568037	546.227410	0.000710	2.1
111	-1.059262	9.643252	544.886662	0.000430	2.5
112	-1.057920	10.643252	527.666986	0.000527	2.4
113	-1.055428	10.875066	523.829483	0.000539	2.2
114	-1.057697	11.627749	511.745365	0.000689	2.2
115	-1.049018	10.759150	525.741391	0.000697	2.1
116	-1.055791	9.904465	540.281137	0.000865	2.1
117	-1.049912	9.036274	555.897832	0.000624	2.1
118	-1.050929	10.036274	537.986602	0.000429	2.4
119	-1.051066	11.036265	521.193698	0.000502	2.5
120	-1.053782	10.167647	535.718970	0.000371	2.3
121	-1.058024	9.316418	550.760965	0.000252	2.2
122	-1.048268	9.281252	551.400560	0.000472	2.1
123	-1.047652	9.651107	544.747027	0.000795	2.1
124	-1.051961	10.478288	530.432270	0.000733	2.2
125	-1.065493	9.611963	545.443612	0.000617	2.2
126	-1.049576	10.600168	528.386415	0.000361	2.3
127	-1.048746	11.598933	512.197729	0.000346	2.3
128	-1.042560	12.590931	497.071653	0.000388	2.2
129	-1.063990	11.747589	509.872641	0.000564	2.1
130	-1.059880	11.160074	519.187232	0.000599	2.1
131	-1.063390	12.160053	503.530539	0.000542	2.2
132	-1.048626	13.154963	488.863053	0.000573	2.2
133	-1.054768	14.133098	475.252691	0.000358	2.2
134	-1.051341	13.264665	487.297907	0.000705	2.5
135	-1.051843	12.493008	498.524926	0.000614	2.3
136	-1.051337	11.624263	511.800050	0.000866	2.2
137	-1.059655	10.755706	525.798397	0.000545	2.1
138	-1.055076	9.886956	540.587415	0.000517	2.2
139	-1.053719	9.018206	556.232420	0.000284	2.2
140	-1.056260	8.523575	565.551411	0.000267	2.2
141	-1.052286	9.442649	548.477228	0.000338	2.2
142	-1.052606	9.373205	549.731239	0.000474	2.2
143	-1.055028	9.224710	552.432088	0.000439	2.2
144	-1.053826	10.223269	534.764623	0.000427	2.1
145	-1.050278	11.214044	518.317399	0.000209	2.1
146	-1.055153	11.649076	511.411091	0.000423	2.1
147	-1.048690	11.318464	516.642740	0.000262	2.1
148	-1.048673	12.272901	501.822773	0.000399	2.1
149	-1.051694	13.215626	487.996315	0.000452	2.2
150	-1.056958	12.358777	500.530928	0.000687	2.2
151	-1.057109	11.575471	512.566639	0.000342	2.1
152	-1.051805	12.078733	504.768412	0.000644	2.3
153	-1.044209	12.367176	500.404936	0.000421	2.1
154	-1.057202	12.390309	500.058256	0.000504	2.1
155	-1.054818	11.696062	510.676158	0.000464	2.1
156	-1.043554	12.694781	495.539633	0.000323	2.1
157	-1.055456	13.616062	482.351216	0.000548	2.1
158	-1.044714	12.747631	494.763608	0.000630	2.1
159	-1.055837	13.710328	481.041254	0.000323	2.3
160	-1.056429	12.858766	493.139630	0.000491	2.4
161	-1.045308	11.992754	506.083843	0.000335	2.2
162	-1.053054	11.136990	519.560149	0.000744	2.1
163	-1.051078	12.098863	504.461422	0.001013	2.1
164	-1.052373	11.230156	518.058293	0.000290	2.1
165	-1.041662	10.364838	532.350893	0.000193	2.1
166	-1.046729	10.486319	530.296972	0.000241	2.1
167	-1.046329	11.230411	518.054200	0.000418	2.1
168	-1.060383	10.754315	525.821439	0.000735	2.1
169	-1.053617	11.745143	509.910723	0.000495	2.1
170	-1.049617	10.957905	522.471651	0.000619	2.1
171	-1.042521	11.940243	506.890595	0.000335	2.1
172	-1.048663	11.694836	510.695309	0.000370	2.1
173	-1.050493	11.734650	510.074168	0.000326	2.2
174	-1.049918	11.256285	517.638637	0.000453	2.1
175	-1.055159	10.511680	529.870186	0.000402	2.1
176	-1.055037	11.511061	513.582115	0.000861	2.1
177	-1.060002	10.652596	527.511218	0.000607	2.1
178	-1.054206	9.783845	542.398124	0.000700	2.0
179	-1.056684	10.783841	525.332976	0.000585	2.1
180	-1.054191	11.783840	509.308834	0.000455	2.1
181	-1.047807	12.782848	494.247842	0.000415	2.2
182	-1.051387	11.921171	507.184249	0.000529	2.1
183	-1.048736	11.052993	520.921691	0.000328	2.1
184	-1.050584	11.773096	509.475804	0.000347	2.1
185	-1.053890	12.513780	498.215942	0.000676	2.0
186	-1.057754	11.778247	509.395747	0.000878	2.1
187	-1.053057	12.778247	494.315161	0.000454	2.2
188	-1.042287	13.776495	480.126003	0.000330	2.3
189	-1.058885	14.520226	470.073004	0.000760	2.4
190	-1.044428	13.651940	481.851793	0.000342	2.3
191	-1.057927	14.648456	468.382120	0.000506	2.2
192	-1.056476	14.561820	469.523204	0.001016	2.1
193	-1.053118	13.693071	481.280524	0.000400	2.1
194	-1.046045	14.683486	467.922316	0.000479	2.1
195	-1.049944	15.670914	455.322700	0.000449	2.4
196	-1.060803	14.878531	465.378571	0.000392	2.3
197	-1.056787	15.812145	453.575834	0.000449	2.3
198	-1.055041	15.039792	463.296226	0.000284	2.1
199	-1.045363	15.129392	462.147258	0.000403	2.1
200	-1.059836	15.953961	451.835178	0.000670	2.1
201	-1.048090	15.085767	462.705962	0.000511	2.2
202	-1.047903	15.161363	461.738663	0.000236	2.3
203	-1.052752	14.913637	464.923657	0.000602	2.5
204	-1.048768	15.529079	457.090628	0.000394	2.5
205	-1.061482	14.766999	466.829754	0.000569	2.3
206	-1.063082	13.898762	478.443899	0.000314	2.1
207	-1.050249	13.060890	490.213242	0.000596	2.1
208	-1.049872	12.194814	503.003254	0.000292	2.1
209	-1.052953	11.346325	516.197738	0.000342	2.3
210	-1.059116	10.661354	527.365300	0.000905	2.2
211	-1.049183	9.792615	542.243642	0.000373	2.3
212	-1.053360	10.791052	525.213816	0.000524	2.2
213	-1.059680	10.157466	535.894018	0.000586	2.2
214	-1.048691	9.293676	551.174420	0.000176	2.1
215	-1.060708	8.874101	558.915549	0.000773	2.2
216	-1.048547	9.129794	554.172385	0.000661	2.2
217	-1.047147	10.076843	537.284285	0.000449	2.2
218	-1.049682	10.294978	533.539262	0.000528	2.2
219	-1.050185	9.440387	548.517986	0.000441	2.3
220	-1.062286	8.593624	564.212737	0.000489	2.3
221	-1.061196	7.724911	581.275939	0.000512	2.1
222	-1.055186	6.856444	599.398097	0.000423	2.1
223	-1.056122	7.856299	578.629286	0.000573	2.2
224	-1.054959	6.987668	596.587729	0.000304	2.4
225	-1.046000	7.867620	578.402365	0.000393	2.6
226	-1.051179	8.690705	562.367901	0.000573	2.5
227	-1.052492	8.003739	575.687829	0.000406	2.3
228	-1.048368	7.282095	590.377042	0.000444	2.2
229	-1.047358	8.281928	570.218578	0.000383	2.2
230	-1.054418	9.252850	551.918239	0.000438	2.3
231	-1.056945	9.444173	548.449760	0.000482	2.2
232	-1.048632	8.951407	557.472953	0.000596	2.3
233	-1.050107	8.082656	574.125671	0.000468	2.3
234	-1.049755	7.214328	591.795042	0.000429	2.2
235	-1.052585	8.214132	571.541871	0.000622	2.2
236	-1.044903	9.213909	552.629564	0.000345	2.3
237	-1.053179	9.851749	541.204305	0.000294	2.3
238	-1.049955	9.055271	555.546457	0.000484	2.3
239	-1.055752	8.339457	569.100496	0.000460	2.2
240	-1.053277	9.339321	550.345200	0.000328	2.2
241	-1.057206	10.153789	535.957269	0.000515	2.1
242	-1.050119	9.290615	551.230127	0.000568	2.1
243	-1.051768	10.290606	533.613818	0.000476	2.3
244	-1.045036	9.461785	548.132676	0.000523	2.2
245	-1.060641	8.596643	564.155185	0.000191	2.1
246	-1.044202	9.467277	548.033867	0.000463	2.3
247	-1.054258	8.634211	563.439993	0.000606	2.9
248	-1.050070	9.514361	547.188245	0.000356	2.3
249	-1.061532	10.496078	530.132661	0.000218	2.2
250	-1.061871	9.701588	543.851328	0.000773	2.3
251	-1.047952	9.036942	555.885461	0.000580	2.3
252	-1.044677	10.036942	537.975019	0.000126	2.2
253	-1.048694	10.843695	524.345536	0.000551	2.2
254	-1.051075	10.329211	532.956281	0.000386	2.2
255	-1.058153	9.783933	542.396568	0.000751	2.2
256	-1.057635	10.782509	525.354989	0.000342	2.2
257	-1.053631	9.917962	540.045292	0.000391	2.2
258	-1.057416	10.760599	525.717407	0.000302	2.1
259	-1.051472	10.719382	526.400534	0.000920	2.1
260	-1.056630	11.696104	510.675510	0.000416	2.2
261	-1.059360	10.827688	524.609244	0.000361	2.2
262	-1.039615	9.959507	539.320583	0.000242	2.1
263	-1.055975	9.370207	549.785497	0.000660	2.1
264	-1.063036	8.901005	558.412663	0.000613	2.2
265	-1.048876	9.901001	540.341699	0.000321	2.1
266	-1.049780	9.032531	555.967111	0.000118	2.3
267	-1.059473	8.434583	567.261299	0.000834	2.3
268	-1.049884	7.998931	575.783284	0.000483	2.2
269	-1.057631	8.998931	556.589825	0.000432	2.1
270	-1.052833	8.138922	573.017066	0.000321	2.1
271	-1.054771	7.405054	587.821436	0.000793	2.1
272	-1.046030	8.398247	567.962417	0.000298	2.3
273	-1.050027	7.530841	585.229833	0.000370	2.2
274	-1.053590	7.581538	584.191777	0.000311	2.2
275	-1.060267	8.524070	565.541937	0.000299	2.2
276	-1.056862	9.400474	549.238129	0.000352	2.2
277	-1.045956	9.937855	539.698037	0.000378	2.1
278	-1.052002	9.273863	551.535155	0.000312	2.2
279	-1.045858	9.453677	548.278612	0.000543	2.2
280	-1.063694	8.604216	564.010860	0.000474	2.2
281	-1.050639	8.538176	565.271859	0.000344	2.1
282	-1.048686	7.912091	577.512700	0.000838	2.1
283	-1.067065	8.880091	558.803503	0.000755	2.1
284	-1.042499	8.011340	575.537008	0.000509	2.2
285	-1.059926	9.011322	556.360020	0.000711	2.4
286	-1.064076	8.275245	570.348746	0.000722	2.4
287	-1.044455	7.406906	587.783106	0.000543	2.6
288	-1.049734	6.896967	598.527404	0.000361	2.3
289	-1.053600	6.053126	617.196675	0.000450	2.2
290	-1.056021	5.186461	637.623362	0.000440	2.2
291	-1.055050	5.685381	625.702116	0.000385	2.4
292	-1.056008	6.674136	603.346740	0.000701	2.4
293	-1.045486	5.805440	622.899662	0.000207	2.3
294	-1.052671	4.982152	642.637292	0.000500	2.1
295	-1.055395	4.917460	644.241353	0.000577	2.1
296	-1.048613	4.064348	666.169314	0.000295	2.1
297	-1.048256	3.443489	683.089871	0.000481	2.1
298	-1.055803	2.712677	704.142320	0.000694	2.4
299	-1.055104	3.712601	675.651238	0.000239	2.6
300	-1.057715	2.866924	699.591598	0.000522	2.4
301	-1.052158	2.496576	710.618426	0.000594	2.3
302	-1.045525	1.903853	729.008323	0.000298	2.2
303	-1.050246	1.170521	753.121652	0.000532	2.1
304	-1.046014	2.013780	725.526174	0.000544	2.1
305	-1.059469	2.631388	706.564484	0.000533	2.2
306	-1.053836	1.804531	732.183407	0.000588	2.2
307	-1.055315	0.938530	761.085625	0.000753	2.4
308	-1.054027	1.938530	727.906271	0.000768	2.2
309	-1.060063	2.938530	697.498962	0.000581	2.2
310	-1.054029	2.069785	723.764864	0.000489	2.1
311	-1.058277	3.047373	694.341939	0.000606	2.1
312	-1.053864	2.178872	720.358598	0.000375	2.4
313	-1.043816	1.310814	748.385942	0.000604	2.3
314	-1.044759	2.310545	716.289528	0.000613	2.3
315	-1.045112	1.462218	743.341545	0.000501	2.2
316	-1.048520	0.604580	772.849993	0.000828	2.2
317	-1.048608	1.604567	738.660456	0.000569	2.2
318	-1.055132	0.735887	768.181181	0.000369	2.1
319	-1.054291	1.725023	734.745122	0.000446	2.5
320	-1.055139	1.120999	754.807651	0.000652	2.2
321	-1.052993	2.120991	722.161941	0.000146	2.3
322	-1.054322	1.351380	747.027667	0.000465	2.3
323	-1.048853	1.425473	744.559538	0.000600	2.2
324	-1.047964	2.302662	716.531856	0.000819	2.2
325	-1.046144	3.292510	687.335297	0.000942	2.1
326	-1.050142	3.626761	678.006315	0.000413	2.3
327	-1.053089	3.032835	694.761956	0.000408	2.3
328	-1.054995	2.205424	719.534359	0.000451	2.2
329	-1.055688	1.397902	745.476041	0.000521	2.2
330	-1.055348	2.226057	718.895147	0.000279	2.1
331	-1.053398	1.388871	745.776768	0.000229	2.1
332	-1.058609	1.051316	757.192886	0.000752	2.1
333	-1.057000	1.912959	728.718597	0.000573	2.2
334	-1.057169	1.044208	757.437044	0.000473	2.2
335	-1.057700	0.175587	788.507029	0.000489	2.2
336	-1.039398	0.028681	794.015557	0.000700	2.1
337	-1.059826	0.058429	792.893902	0.000355	2.1
338	-1.055107	0.000000	795.099978	0.000341	2.1
339	-1.062706	0.669405	770.537966	0.000797	2.1
340	-1.051216	0.000000	795.099978	0.000409	2.2
341	-1.052271	0.000000	795.099978	0.000500	2.1
342	-1.048104	0.000000	795.099978	0.000779	2.2
343	-1.053015	1.000000	758.959072	0.000702	2.1
344	-1.063207	1.999963	725.962033	0.000473	2.1
345	-1.049824	2.745451	703.170467	0.000228	2.1
346	-1.050251	1.902580	729.048834	0.000865	2.1
347	-1.055507	1.233924	750.974031	0.000488	2.2
348	-1.054932	0.402119	780.161061	0.000715	2.1
349	-1.058400	1.377725	746.148210	0.000333	2.1
350	-1.057244	0.509054	776.282393	0.000638	2.1
351	-1.051752	1.228009	751.173876	0.000461	2.1
352	-1.049560	0.363507	781.571108	0.000341	2.1
353	-1.052151	0.000000	795.099978	0.000335	2.1
354	-1.049719	0.487460	777.062510	0.000334	2.2
355	-1.058572	0.012373	794.631793	0.000500	2.2
356	-1.057606	0.000000	795.099978	0.000570	2.1
357	-1.044941	0.997733	759.037287	0.000258	2.2
358	-1.047246	1.036015	757.718665	0.000311	2.1
359	-1.043339	0.462308	777.973167	0.000597	2.1
360	-1.055354	1.328688	747.786858	0.000477	2.1
361	-1.056174	0.459940	778.059010	0.000418	2.1
362	-1.060160	0.000000	795.099978	0.000835	2.3
363	-1.045763	1.000000	758.959071	0.000443	2.2
364	-1.053231	0.131251	790.161414	0.000415	2.1
365	-1.051967	1.082847	756.111722	0.000275	2.1
366	-1.059151	0.398027	780.310249	0.000957	2.1
367	-1.061273	0.000000	795.099978	0.000574	2.1
368	-1.046469	0.954760	760.522975	0.000733	2.1
369	-1.051712	1.953544	727.430127	0.000608	2.2
370	-1.049554	2.937933	697.516333	0.000473	2.1
371	-1.045258	2.117308	722.276976	0.000695	2.1
372	-1.058104	2.910329	698.321609	0.000503	2.2
373	-1.049652	2.175201	720.472702	0.001039	2.1
374	-1.062713	1.306800	748.520597	0.000815	2.1
375	-1.045050	2.306800	716.404623	0.000247	2.1
376	-1.054048	1.458302	743.471134	0.000455	2.4
377	-1.053710	2.447445	712.107430	0.000395	2.2
378	-1.059077	1.824642	731.538287	0.000770	2.2
379	-1.051978	2.824597	700.834503	0.000519	2.1
380	-1.061727	3.824597	672.603048	0.000906	2.1
381	-1.057265	3.472985	682.266576	0.000953	2.3
382	-1.057051	4.472981	655.482743	0.000775	2.3
383	-1.054892	3.604230	678.627204	0.000176	2.3
384	-1.051742	2.854424	699.958197	0.000562	2.3
385	-1.049022	3.397672	684.372657	0.000442	2.2
386	-1.044033	4.279239	660.506414	0.000464	2.1
387	-1.048368	4.203266	662.497455	0.000298	2.1
388	-1.058339	3.349834	685.717175	0.000599	2.2
389	-1.054074	2.623519	706.799834	0.000276	2.2
390	-1.048394	3.612430	678.401105	0.000167	2.2
391	-1.053687	4.275904	660.593573	0.000599	2.3
392	-1.051514	3.781492	673.772962	0.000759	2.3
393	-1.058062	4.781492	647.638989	0.000670	2.2
394	-1.054983	3.912744	670.223211	0.000492	2.1
395	-1.043855	4.912744	644.358595	0.000542	2.1
396	-1.050541	5.912731	620.416404	0.000472	2.2
397	-1.061651	6.857933	599.366057	0.000411	2.2
398	-1.054058	6.119810	615.679075	0.000469	2.2
399	-1.056497	7.117345	593.836276	0.000473	2.1
400	-1.066891	8.062087	574.532029	0.000305	2.1
401	-1.062172	7.623879	583.327624	0.000496	2.1
402	-1.053144	7.993516	575.890821	0.000599	2.1
403	-1.050477	7.124767	593.679564	0.000449	2.2
404	-1.061101	6.432626	608.658443	0.000843	2.2
405	-1.053645	7.432626	587.251401	0.000080	2.4
406	-1.049173	6.974765	596.862900	0.000870	2.2
407	-1.056315	7.003811	596.243823	0.000766	2.1
408	-1.058693	6.135060	615.333058	0.000665	2.2
409	-1.057027	7.124493	593.685349	0.000740	2.2
410	-1.054719	7.805405	579.651621	0.000467	2.1
411	-1.054787	8.311134	569.650410	0.001025	2.4
412	-1.059236	9.310983	550.859716	0.000378	2.4
413	-1.066712	8.459272	566.785887	0.000956	2.3
414	-1.045199	9.459163	548.179850	0.000415	2.2
415	-1.053447	10.389867	531.926412	0.000595	2.1
416	-1.045209	9.521152	547.066499	0.000531	2.2
417	-1.056718	8.652457	563.093296	0.000589	2.2
418	-1.059267	9.652426	544.723597	0.000495	2.3
419	-1.055975	10.651496	527.529546	0.000436	2.4
420	-1.058673	11.395761	515.410011	0.000546	2.3
421	-1.049592	12.395401	499.982011	0.000275	2.1
422	-1.056171	13.350831	486.075557	0.000650	2.1
423	-1.057986	14.345404	472.398041	0.000310	2.1
424	-1.042997	15.336316	459.515475	0.000436	2.1
425	-1.049265	14.479749	470.609291	0.000632	2.2
426	-1.055096	13.611226	482.418612	0.000391	2.3
427	-1.045124	13.851281	479.095723	0.000534	2.2
428	-1.048009	14.851228	465.732988	0.000266	2.1
429	-1.060490	13.987014	477.237057	0.000299	2.1
430	-1.052451	13.840421	479.245054	0.000702	2.1
431	-1.052722	12.993657	491.182799	0.000321	2.1
432	-1.047223	12.203892	502.865728	0.000248	2.2
433	-1.054457	12.264196	501.954095	0.000484	2.1
434	-1.054939	12.777307	494.328912	0.000809	2.1
435	-1.055716	13.769880	480.217348	0.000319	2.1
436	-1.053890	14.769524	466.796803	0.000247	2.1
437	-1.040605	14.263068	473.501039	0.000352	2.1
438	-1.044226	15.000305	463.804396	0.000662	2.1
439	-1.059352	14.508309	470.230778	0.000578	2.1
440	-1.050802	15.507853	457.356377	0.000679	2.1
441	-1.056803	16.507810	445.163272	0.000632	2.1
442	-1.055174	17.507153	433.610334	0.000358	2.1
443	-1.051681	18.502556	422.684032	0.000711	2.1
444	-1.055146	19.502466	412.248962	0.000377	2.1
445	-1.057994	20.502434	402.316154	0.000355	2.1
446	-1.052353	21.432288	393.499863	0.000563	2.1
447	-1.064828	20.762481	399.811011	0.000658	2.8
448	-1.051531	21.757855	390.503675	0.000569	3.8
449	-1.053679	20.889105	398.602446	0.000454	2.1
450	-1.051532	21.660402	391.395742	0.000318	2.1
451	-1.051634	20.838025	399.089097	0.000414	2.1
452	-1.053962	21.679609	391.219601	0.000488	2.1
453	-1.055950	22.678494	382.272781	0.000475	2.1
454	-1.062418	23.214619	377.637533	0.000306	2.1
455	-1.058036	24.190214	369.484849	0.000444	2.1
456	-1.050323	23.727410	373.307987	0.000480	2.0
457	-1.055134	24.723920	365.172092	0.000330	2.1
458	-1.044634	25.167934	361.660101	0.000877	2.0
459	-1.055263	25.990727	355.327545	0.000501	2.1
460	-1.052217	26.990727	347.923458	0.000410	2.2
461	-1.043688	26.127700	354.294813	0.000643	2.3
462	-1.048580	25.258953	360.948495	0.000477	2.4
463	-1.059927	24.390303	367.856093	0.000930	2.3
464	-1.052886	25.390303	359.926503	0.000434	2.3
465	-1.051294	24.521606	366.795045	0.000445	2.5
466	-1.052700	25.507019	359.023214	0.000509	2.4
467	-1.053342	24.944213	363.421166	0.000693	2.2
468	-1.050840	24.706240	365.313350	0.000380	2.2
469	-1.057293	25.018618	362.833571	0.000629	2.3
470	-1.053110	24.295385	368.626945	0.000338	2.4
471	-1.046641	25.295205	360.665851	0.000413	2.7
472	-1.058747	26.253889	353.348682	0.000378	2.4
473	-1.050480	27.149463	346.776441	0.000325	2.2
474	-1.068444	27.111349	347.051161	0.000760	2.2
475	-1.049541	28.111242	339.985282	0.000278	2.3
476	-1.053869	29.111151	333.201280	0.000627	2.2
477	-1.056384	30.021896	327.253609	0.000557	2.2
478	-1.056605	29.153147	332.922272	0.000650	2.2
479	-1.053468	28.284920	338.787188	0.000289	2.2
480	-1.050339	29.214358	332.516437	0.000499	2.2
481	-1.050629	29.777084	328.831400	0.000582	2.2
482	-1.054684	30.771145	322.517489	0.000191	2.2
483	-1.053865	30.674910	323.118113	0.000559	2.1
484	-1.043735	31.471691	318.211575	0.000439	2.2
485	-1.048072	30.617189	323.479446	0.000336	2.4
486	-1.056268	29.836017	328.450193	0.000327	2.5
487	-1.056568	30.802238	322.323906	0.000337	2.5
488	-1.059713	31.560579	317.673430	0.000413	2.4
489	-1.052704	30.695284	322.990766	0.000284	2.5
490	-1.054133	30.631127	323.392118	0.000250	2.4
491	-1.050930	30.412233	324.768998	0.000577	2.4
492	-1.062190	30.865713	321.929431	0.000469	2.5
493	-1.065458	30.001292	327.385815	0.000533	2.5
494	-1.055691	30.970255	321.281849	0.000618	2.5
495	-1.047329	31.970246	315.216577	0.000320	2.6
496	-1.053869	31.527138	317.875678	0.000406	2.4
497	-1.049600	32.514436	312.011126	0.000395	2.3
498	-1.049937	33.487191	306.440823	0.000317	2.3
499	-1.048725	34.475416	300.981959	0.000201	2.5
500	-1.053674	34.728555	299.614793	0.000619	2.7
501	-1.056733	35.591816	295.044418	0.000410	2.4
502	-1.056397	36.590739	289.926815	0.000676	2.3
503	-1.051576	37.590725	284.978544	0.000541	2.2
504	-1.052513	36.869560	288.529923	0.000927	2.4
505	-1.053362	37.869560	283.628749	0.000688	3.3
506	-1.058186	38.869560	278.891304	0.000384	2.6
507	-1.058951	38.069984	282.666397	0.000356	2.3
508	-1.057351	37.769008	284.114030	0.000643	2.5
509	-1.057239	36.958286	288.088221	0.000290	2.2
510	-1.056514	37.954670	283.219284	0.000568	2.1
511	-1.048491	38.949574	278.519068	0.000503	2.1
512	-1.053043	39.926162	274.054676	0.000525	2.2
513	-1.051288	39.094053	277.849451	0.000382	2.2
514	-1.052828	38.354998	281.309076	0.000356	2.3
515	-1.043025	39.275156	277.014622	0.000673	2.3
516	-1.049970	40.272056	272.507579	0.000730	2.2
517	-1.065132	39.713259	275.015702	0.000386	2.1
518	-1.052872	40.713249	270.559400	0.000540	2.1
519	-1.046936	39.845433	274.418290	0.000843	2.1
520	-1.048841	39.864671	274.331552	0.000386	2.1
521	-1.049686	38.995994	278.303576	0.000445	2.2
522	-1.059295	39.567269	275.678594	0.000626	2.2
523	-1.057261	40.567238	271.201050	0.000560	2.3
524	-1.055848	41.423754	267.479902	0.000495	2.1
525	-1.052016	42.421866	263.270390	0.000507	2.1
526	-1.050890	43.421838	259.183843	0.000493	2.1
527	-1.050729	44.421803	255.222245	0.000215	2.2
528	-1.050998	45.302448	251.832325	0.000531	2.2
529	-1.050925	44.467609	255.043674	0.000303	2.4
530	-1.048533	44.019546	256.801234	0.000386	2.4
531	-1.051052	44.640181	254.373148	0.000146	2.2
532	-1.054609	45.462955	251.224151	0.000260	2.2
533	-1.049921	45.775868	250.046913	0.000602	2.1
534	-1.046332	46.691742	246.663759	0.000437	2.2
535	-1.058324	45.873768	249.680856	0.000242	2.2
536	-1.054617	45.074732	252.700222	0.000595	2.2
537	-1.050468	46.017739	249.144478	0.000699	2.3
538	-1.052721	47.017196	245.483504	0.000734	2.3
539	-1.058943	46.426622	247.633635	0.000496	2.2
540	-1.054078	45.931467	249.465614	0.000603	2.2
541	-1.060468	45.062946	252.745308	0.000343	2.1
542	-1.055141	44.244239	255.916841	0.000384	2.3
543	-1.054491	43.731449	257.944164	0.000361	2.2
544	-1.057207	44.729710	254.026674	0.000428	2.3
545	-1.044201	45.321197	251.761132	0.000358	2.3
546	-1.046226	44.857072	253.535407	0.000314	2.2
547	-1.052064	45.245846	252.047497	0.000891	2.1
548	-1.047040	44.378590	255.390939	0.000226	2.1
549	-1.054444	45.354676	251.634107	0.000467	2.1
550	-1.046914	44.762484	253.900074	0.000418	2.2
551	-1.055098	43.899522	257.276154	0.000853	2.3
552	-1.047920	43.035197	260.748782	0.000356	2.2
553	-1.060073	42.166453	264.334926	0.000397	2.3
554	-1.044834	42.144612	264.426354	0.000528	2.2
555	-1.050083	42.373813	263.470015	0.000395	2.2
556	-1.049915	43.371227	259.387623	0.000699	2.2
557	-1.052585	44.371206	255.419787	0.000680	2.3
558	-1.053265	45.064660	252.738750	0.000405	2.3
559	-1.052312	44.198212	256.097508	0.000591	2.2
560	-1.048904	43.349859	259.473757	0.000473	2.1
561	-1.054038	44.346337	255.516993	0.000604	2.2
562	-1.057753	45.066399	252.732097	0.000895	2.2
563	-1.057735	46.066399	248.963711	0.000671	2.2
564	-1.047694	45.197647	252.231012	0.000493	2.2
565	-1.055135	46.197646	248.477448	0.000262	2.4
566	-1.056755	45.398424	251.468313	0.000796	2.3
567	-1.052493	45.514088	251.031023	0.000388	2.1
568	-1.052232	45.533494	250.957805	0.000374	2.2
569	-1.045788	45.833438	249.831521	0.000551	2.2
570	-1.054848	45.847134	249.780336	0.000566	2.3
571	-1.057153	44.978384	253.069242	0.000434	2.2
572	-1.042021	44.110469	256.442626	0.000993	2.5
573	-1.060299	45.110000	252.565414	0.000788	2.2
574	-1.047670	44.241249	255.928571	0.000214	2.2
575	-1.059582	45.240451	252.068024	0.000294	2.2
576	-1.047026	44.736551	254.000236	0.000605	2.1
577	-1.045392	43.871196	257.388496	0.000799	2.2
578	-1.046343	44.871195	253.481047	0.000470	2.1
579	-1.072130	45.482078	251.151890	0.000866	2.5
580	-1.059024	44.655756	254.312808	0.000798	2.3
581	-1.050402	43.787004	257.722977	0.000333	2.2
582	-1.058387	43.107739	260.453726	0.000292	2.2
583	-1.054339	44.052184	256.672389	0.000212	2.2
584	-1.052619	44.801461	253.749680	0.000420	2.3
585	-1.047949	43.972225	256.988269	0.000635	2.2
586	-1.046149	43.250684	259.874268	0.000632	2.5
587	-1.048925	42.397959	263.369670	0.000575	2.3
588	-1.059353	43.397817	259.280520	0.000311	2.2
589	-1.045739	42.545779	262.757022	0.000463	2.1
590	-1.050984	43.063625	260.633074	0.000332	2.2
591	-1.064371	43.874984	257.373467	0.000697	2.1
592	-1.061132	44.793736	253.779470	0.000529	2.2
593	-1.049027	45.793736	249.980020	0.000361	2.2
594	-1.050977	45.501938	251.076888	0.000743	2.2
595	-1.043832	44.641297	254.368824	0.000503	2.2
596	-1.055166	45.641291	250.551861	0.000756	2.2
597	-1.067322	46.641274	246.847799	0.000241	2.1
598	-1.051870	45.773831	250.054540	0.000333	2.1
599	-1.057429	46.650701	246.813400	0.000527	2.3
600	-1.045701	45.784467	250.014716	0.000448	2.1
601	-1.060076	45.488348	251.128207	0.000630	2.2
602	-1.053238	46.488345	247.407155	0.000296	2.3
603	-1.047148	47.469230	243.862820	0.000559	2.2
604	-1.056255	46.616929	246.936675	0.000895	2.4
605	-1.053328	45.748177	250.150644	0.000467	2.2
606	-1.057084	46.748113	246.458517	0.000510	2.2
607	-1.068342	46.925272	245.815717	0.000759	2.2
608	-1.048252	46.855142	246.069776	0.000331	2.2
609	-1.055878	46.753324	246.439563	0.000437	2.3
610	-1.049893	45.900513	249.581039	0.000500	2.2
611	-1.054731	46.891987	245.936235	0.000306	2.2
612	-1.055721	47.226508	244.730386	0.000406	2.2
613	-1.053879	48.170327	241.391073	0.000219	2.4
614	-1.053301	48.842196	239.068935	0.000406	2.3
615	-1.058551	49.622968	236.425912	0.000637	2.2
616	-1.048495	48.758025	239.357401	0.000224	2.4
617	-1.053634	48.094648	241.655470	0.000451	2.4
618	-1.056893	47.359854	244.253000	0.000503	2.2
619	-1.054551	48.359836	240.731533	0.000404	2.2
620	-1.055456	47.492785	243.778954	0.000341	2.6
621	-1.053802	46.656396	246.792624	0.000236	2.3
622	-1.055644	46.200942	248.465259	0.000553	2.2
623	-1.054767	45.533784	250.956711	0.000481	2.2
624	-1.052016	46.533666	247.241126	0.000460	2.3
625	-1.050262	47.513376	243.705691	0.000434	2.2
626	-1.050612	47.039525	245.402942	0.000572	2.1
627	-1.059348	46.189339	248.508167	0.000553	2.1
628	-1.051237	47.188662	244.866214	0.000556	2.2
629	-1.056640	48.187180	241.332275	0.000389	2.1
630	-1.039843	49.123747	238.109062	0.000553	2.1
631	-1.053896	50.120652	234.771464	0.000350	2.2
632	-1.046221	49.974408	235.255214	0.000360	2.2
633	-1.046777	49.993765	235.191070	0.000362	2.1
634	-1.049939	50.331249	234.078328	0.000489	2.1
635	-1.056813	51.129048	231.489256	0.000875	2.1
636	-1.056802	51.080970	231.643658	0.000664	2.1
637	-1.051548	50.212218	234.469589	0.000566	2.1
638	-1.049744	49.461177	236.968784	0.000251	2.1
639	-1.052594	49.683735	236.222656	0.000234	2.2
640	-1.049697	49.483849	236.892561	0.000475	2.1
641	-1.048033	50.245956	234.358558	0.000211	2.1
642	-1.045807	51.232882	231.156490	0.000676	2.2
643	-1.050472	51.331430	230.841553	0.000430	2.1
644	-1.055814	52.331429	227.693635	0.000829	2.1
645	-1.049411	53.331428	224.630415	0.000425	2.1
646	-1.052656	52.636013	226.751816	0.000812	2.4
647	-1.052299	51.948892	228.887637	0.001066	2.5
648	-1.053785	51.080141	231.646323	0.000629	2.4
649	-1.052018	52.025102	228.648766	0.000754	2.3
650	-1.044819	51.156351	231.401661	0.000309	2.3
651	-1.050578	50.937640	232.105190	0.000481	2.2
652	-1.056845	50.335588	234.064091	0.000598	2.2
653	-1.061379	49.466858	236.949680	0.000596	2.2
654	-1.058422	49.618219	236.441811	0.000451	2.4
655	-1.045000	48.757417	239.359488	0.000182	2.8
656	-1.057904	49.447040	237.016340	0.000491	2.3
657	-1.053092	48.912490	238.828564	0.000297	2.2
658	-1.060345	48.196221	241.300742	0.000466	2.1
659	-1.052445	49.129118	238.090824	0.000909	2.1
660	-1.059494	50.129118	234.743520	0.000805	2.2
661	-1.044999	51.128916	231.489677	0.000600	2.2
662	-1.055530	50.260181	234.311776	0.000395	2.4
663	-1.045931	49.395036	237.191436	0.000417	2.2
664	-1.055990	48.539034	240.111180	0.000611	2.2
665	-1.045389	47.823724	242.606744	0.000552	2.2
666	-1.050072	48.823571	239.132705	0.000756	2.2
667	-1.053310	49.799000	235.838072	0.000360	2.1
668	-1.055229	48.930413	238.767352	0.000279	2.3
669	-1.053654	48.190926	241.319208	0.000378	2.3
670	-1.056073	48.284310	240.993950	0.000591	2.3
671	-1.053702	48.411999	240.550623	0.000697	2.2
672	-1.053249	47.979314	242.059518	0.000988	2.1
673	-1.051679	48.979314	238.600503	0.000429	2.2
674	-1.045248	49.979182	235.239389	0.000289	2.2
675	-1.052036	50.836299	232.432626	0.000690	2.2
676	-1.048144	49.968909	235.273443	0.000832	2.3
677	-1.052982	49.100243	238.188898	0.000492	2.3
678	-1.054970	50.100243	234.838855	0.000383	2.2
679	-1.050765	51.006983	231.881671	0.000710	2.1
680	-1.052423	52.006824	228.706012	0.000274	2.1
681	-1.048206	51.215952	231.210682	0.000297	2.3
682	-1.058205	51.565609	230.096597	0.000592	2.2
683	-1.045516	50.697739	232.881815	0.000554	2.4
684	-1.062462	51.634394	229.878693	0.000901	2.3
685	-1.049375	52.474449	227.250421	0.000201	2.2
686	-1.059528	53.051420	225.479802	0.000432	2.4
687	-1.051270	52.751595	226.396454	0.000233	2.3
688	-1.061295	52.097404	228.422606	0.000824	2.2
689	-1.066407	51.897377	229.049387	0.000704	2.2
690	-1.063587	51.031427	231.802982	0.000618	3.0
691	-1.054124	52.031427	228.628965	0.000481	2.4
692	-1.048255	53.029876	225.545421	0.000351	2.2
693	-1.059202	52.162916	228.218072	0.000628	2.1
694	-1.053402	51.294215	230.960383	0.000400	2.1
695	-1.060890	50.647492	233.045137	0.000459	2.1
696	-1.052334	50.555908	233.343409	0.000528	2.2
697	-1.049477	51.524034	230.228498	0.000439	2.7
698	-1.052216	51.180050	231.325686	0.000421	2.3
699	-1.046709	51.602435	229.979883	0.000432	2.2
700	-1.050218	50.734094	232.763789	0.000749	2.2
701	-1.055117	49.866661	235.612900	0.000553	2.2
702	-1.045711	48.997966	238.536923	0.000634	2.1
703	-1.060980	49.997951	235.177205	0.001046	2.1
704	-1.052940	49.129199	238.090550	0.000369	2.4
705	-1.049167	48.260572	241.076547	0.000498	2.4
706	-1.058146	49.230653	237.746608	0.000394	2.2
707	-1.049817	48.364623	240.714920	0.000327	2.1
708	-1.061983	48.447266	240.428464	0.000582	2.1
709	-1.051787	49.423995	237.093897	0.000936	2.1
710	-1.062547	50.423995	233.774370	0.000357	2.2
711	-1.054663	49.591582	236.531030	0.000282	2.3
712	-1.061186	49.375640	237.256806	0.000166	2.3
713	-1.050111	50.047519	235.013126	0.000406	2.2
714	-1.054592	49.267429	237.622177	0.001070	2.1
715	-1.051909	50.267429	234.287944	0.000367	2.1
716	-1.052067	49.474664	236.923435	0.000726	2.1
717	-1.054100	50.188708	234.547023	0.000223	2.1
718	-1.050169	51.142760	231.445257	0.000362	2.3
719	-1.049406	50.389084	233.888694	0.000143	2.4
720	-1.056788	50.662787	232.995398	0.000650	2.4
721	-1.057722	51.005051	231.887893	0.000541	2.3
722	-1.057050	50.357103	233.993518	0.001163	2.1
723	-1.046107	51.357094	230.759676	0.000294	2.1
724	-1.049300	52.355866	227.617781	0.000171	2.1
725	-1.060933	52.685803	226.598598	0.000454	2.1
726	-1.055265	53.215666	224.980797	0.000223	2.1
727	-1.055707	54.127509	222.250141	0.000292	2.2
728	-1.048211	54.477400	221.219855	0.000283	2.1
729	-1.051111	55.434330	218.450263	0.000215	2.1
730	-1.045734	55.108717	219.384850	0.000865	2.1
731	-1.055574	54.241326	221.913947	0.000600	2.1
732	-1.050073	55.241325	219.003271	0.000454	2.1
733	-1.048942	56.241311	216.167998	0.000195	2.3
734	-1.054979	56.804726	214.602640	0.000399	2.3
735	-1.055630	56.156881	216.404544	0.000675	2.3
736	-1.052449	57.156757	213.636032	0.000449	2.3
737	-1.059945	56.735203	214.794572	0.000644	2.2
738	-1.052558	57.411064	212.943157	0.000861	2.2
739	-1.049595	57.545321	212.579175	0.000561	2.2
740	-1.054384	58.544129	209.909892	0.001033	2.3
741	-1.058036	59.141410	208.345467	0.001123	2.2
742	-1.052374	58.272659	210.628731	0.000518	2.3
743	-1.057405	57.646589	212.305450	0.000321	2.2
744	-1.057602	58.590009	209.788890	0.000604	2.1
745	-1.055824	59.473754	207.485034	0.000617	2.1
746	-1.046665	60.330979	205.298150	0.000631	2.1
747	-1.048980	59.462229	207.514754	0.000355	2.3
748	-1.054297	58.603773	209.752615	0.000621	2.2
749	-1.059812	57.974257	211.424585	0.000786	2.2
750	-1.049568	57.106338	213.773939	0.000436	2.2
751	-1.049510	56.237793	216.177845	0.000616	2.1
752	-1.060408	56.153002	216.415424	0.000415	2.1
753	-1.048630	55.284325	218.879824	0.000410	2.1
754	-1.062206	55.872849	217.204119	0.000648	2.2
755	-1.052153	55.033636	219.601488	0.000641	2.2
756	-1.052886	55.962728	216.950465	0.000160	2.1
757	-1.047135	56.601633	215.164280	0.000717	2.2
758	-1.053520	55.884728	217.170561	0.000186	2.2
759	-1.058993	55.234898	219.021734	0.000556	2.1
760	-1.045087	54.397402	221.454575	0.000159	2.1
761	-1.056638	55.274391	218.908331	0.000401	2.1
762	-1.055087	54.806653	220.259025	0.000502	2.3
763	-1.055408	53.938004	222.812174	0.000764	2.2
764	-1.056347	54.938002	219.878045	0.000549	2.2
765	-1.053793	55.850630	217.266920	0.000343	2.2
766	-1.044581	56.206394	216.265760	0.000443	2.2
767	-1.044708	55.629523	217.893821	0.000551	2.2
768	-1.051546	54.770416	220.364364	0.000522	2.1
769	-1.048349	55.769966	217.495207	0.000424	2.2
770	-1.059206	56.767600	214.705089	0.000379	2.1
771	-1.043927	57.767121	211.980574	0.000379	2.2
772	-1.045604	58.460274	210.131411	0.000386	2.2
773	-1.049735	59.440930	207.569697	0.000690	2.2
774	-1.049579	58.649503	209.632187	0.000596	2.2
775	-1.044290	57.781050	211.943094	0.000532	2.2
776	-1.047166	58.776125	209.299455	0.000540	2.1
777	-1.050158	57.907573	211.603258	0.000337	2.1
778	-1.052090	58.907057	208.956508	0.000376	2.1
779	-1.051753	58.288979	210.585377	0.000697	2.1
780	-1.057065	57.426571	212.901054	0.000312	2.2
781	-1.052104	58.426260	210.221401	0.000620	2.2
782	-1.051837	57.575072	212.498685	0.000642	2.1
783	-1.051347	58.575072	209.828269	0.000395	2.3
784	-1.056041	59.574878	207.224634	0.000633	2.2
785	-1.050342	60.574749	204.684658	0.000646	2.1
786	-1.055102	61.574741	202.205896	0.000417	2.1
787	-1.062356	62.574512	199.786982	0.000320	2.2
788	-1.061491	61.745417	201.788814	0.000379	2.3
789	-1.053728	61.834164	201.572621	0.000644	2.2
790	-1.054515	62.216100	200.647467	0.000341	2.3
791	-1.061410	62.596197	199.735156	0.000490	2.2
792	-1.055447	61.729978	201.826472	0.000302	2.1
793	-1.060998	60.908953	203.849505	0.000631	2.1
794	-1.063080	60.756495	204.229640	0.000470	2.1
795	-1.047419	61.644165	202.036037	0.000622	2.1
796	-1.053670	62.644164	199.620617	0.000446	2.1
797	-1.060126	61.780491	201.703316	0.000422	2.2
798	-1.054127	62.517881	199.922452	0.000200	2.2
799	-1.057351	63.261363	198.158431	0.000669	2.1
800	-1.058866	62.423816	200.147875	0.000263	2.1
801	-1.063021	61.710271	201.874560	0.000283	2.1
802	-1.053578	60.901815	203.867272	0.000235	2.1
803	-1.053763	60.634286	204.535379	0.000400	2.1
804	-1.060981	61.429799	202.561449	0.001136	2.1
805	-1.042578	62.429799	200.133523	0.000311	2.2
806	-1.046068	63.429781	197.763150	0.000877	2.1
807	-1.053524	63.897373	196.673925	0.000852	2.1
808	-1.052937	64.850075	194.491380	0.000590	2.1
809	-1.048963	65.849782	192.252636	0.000471	2.0
810	-1.051216	64.990377	194.174047	0.000282	2.1
811	-1.047777	65.864455	192.220161	0.000431	2.2
812	-1.043437	65.428640	193.189429	0.000547	2.1
813	-1.049858	66.428022	190.981097	0.000993	2.1
814	-1.045422	67.409890	188.860088	0.000385	2.2
815	-1.051959	68.409890	186.747793	0.000382	2.2
816	-1.049675	69.285390	184.936893	0.000602	2.3
817	-1.049436	68.427718	186.710562	0.000720	2.2
818	-1.066073	69.359122	184.785987	0.000349	2.2
819	-1.056034	70.225499	183.031057	0.000264	2.2
820	-1.053258	69.824353	183.839455	0.000503	2.3
821	-1.060531	69.549696	184.397081	0.000266	2.2
822	-1.048126	70.535687	182.410817	0.000460	2.2
823	-1.056481	69.706276	184.078769	0.000222	2.1
824	-1.053532	70.429084	182.623503	0.000464	2.1
825	-1.058502	70.197828	183.086593	0.000376	2.4
826	-1.056201	71.189315	181.117514	0.000417	2.4
827	-1.052904	71.259507	180.979718	0.000444	2.5
828	-1.053617	72.020100	179.499909	0.000410	2.4
829	-1.049387	71.809421	179.907378	0.000738	2.3
830	-1.053472	70.940759	181.607153	0.000429	2.3
831	-1.044936	70.072021	183.339509	0.000838	2.3
832	-1.047798	69.203277	185.105243	0.000563	2.4
833	-1.055703	68.334527	186.905334	0.000528	2.5
834	-1.046263	67.469109	188.733670	0.000580	2.3
835	-1.050574	68.468788	186.624854	0.000335	2.2
836	-1.054009	68.224369	187.136090	0.000320	2.1
837	-1.058537	67.671926	188.301983	0.000311	2.1
838	-1.062379	66.843353	190.078123	0.000368	2.1
839	-1.051182	66.293115	191.276249	0.000894	2.2
840	-1.055043	65.424364	193.198987	0.000286	2.3
841	-1.056500	65.997332	191.926569	0.000628	2.3
842	-1.054967	65.544470	192.930867	0.000442	2.2
843	-1.047709	66.514831	190.791657	0.000399	2.2
844	-1.051660	66.349848	191.152015	0.000456	2.2
845	-1.048299	65.879368	192.187167	0.000307	2.2
846	-1.056769	65.790583	192.383771	0.000885	2.1
847	-1.036799	65.012079	194.125055	0.000187	2.4
848	-1.047600	64.953809	194.256656	0.000273	2.4
849	-1.056012	65.471350	193.094008	0.000786	2.5
850	-1.049899	64.602726	195.053362	0.000424	2.4
851	-1.054676	64.386984	195.546191	0.000579	2.2
852	-1.050586	63.524250	197.542120	0.000507	2.2
853	-1.055254	64.523638	195.233738	0.000240	2.2
854	-1.054188	65.489111	193.054355	0.000887	2.4
855	-1.050727	65.910556	192.118200	0.000343	2.5
856	-1.054233	66.910373	189.933211	0.000230	2.4
857	-1.062013	66.301697	191.257445	0.000817	2.6
858	-1.056573	66.827110	190.113275	0.000574	2.3
859	-1.048669	67.827098	187.973039	0.000602	2.3
860	-1.052588	67.114342	189.493551	0.000358	2.2
861	-1.059006	68.114183	187.367476	0.000681	2.6
862	-1.046326	68.933177	185.661177	0.000471	2.4
863	-1.051528	69.931786	183.622254	0.000562	2.3
864	-1.063422	70.577693	182.327148	0.000862	2.3
865	-1.052796	71.577122	180.358810	0.000485	2.4
866	-1.060800	72.577108	178.431454	0.000684	2.3
867	-1.058983	71.708364	180.103487	0.000317	2.2
868	-1.051883	70.840653	181.805104	0.000569	3.5
869	-1.058485	71.015575	181.459492	0.000448	2.5
870	-1.058557	70.158007	183.166570	0.000614	2.8
871	-1.058067	69.488917	184.520935	0.000300	2.3
872	-1.053985	70.217942	183.046221	0.000205	2.3
873	-1.048862	70.532303	182.417561	0.000370	2.3
874	-1.050730	70.607914	182.266999	0.000206	2.6
875	-1.063210	70.787899	181.909595	0.000635	2.4
876	-1.066427	70.834562	181.817164	0.000327	2.2
877	-1.052268	69.989667	183.505448	0.000527	2.1
878	-1.051228	70.982997	181.523761	0.000412	2.1
879	-1.058795	71.921931	179.689545	0.000377	2.1
880	-1.052263	72.913455	177.792411	0.000401	2.1
881	-1.055596	72.198086	179.157109	0.000358	2.3
882	-1.048176	72.303463	178.954768	0.000338	2.3
883	-1.078042	71.540233	180.430705	0.000299	2.2
884	-1.043473	71.244878	181.008420	0.000275	2.1
885	-1.048759	71.783659	179.957330	0.000564	2.1
886	-1.062563	72.783145	178.039451	0.000267	2.1
887	-1.055118	73.747326	176.227661	0.000521	2.1
888	-1.067398	74.684578	174.501470	0.000782	2.1
889	-1.064227	75.460511	173.097772	0.001035	2.1
890	-1.063857	76.439251	171.359072	0.000655	2.1
891	-1.059236	77.439251	169.618312	0.000546	2.1
892	-1.047258	78.042671	168.584908	0.000465	2.1
893	-1.056997	78.978437	167.007008	0.000539	2.1
894	-1.051136	78.188298	168.337393	0.000381	2.1
895	-1.049308	77.322030	169.820534	0.000438	2.1
896	-1.049596	76.596236	171.083438	0.000517	2.1
897	-1.049221	77.588782	169.361049	0.000492	2.2
898	-1.058403	78.556258	167.715219	0.000460	2.1
899	-1.058932	79.556091	166.047620	0.000448	2.1
900	-1.067812	80.554096	164.415815	0.000403	2.1
901	-1.050697	79.688613	165.829074	0.000400	2.1
902	-1.054139	80.531383	164.452596	0.000312	2.1
903	-1.056584	79.720996	165.775758	0.000673	2.1
904	-1.061773	78.878693	167.173788	0.000282	2.1
905	-1.044297	78.011247	168.638412	0.000387	2.1
906	-1.055410	77.673393	169.215824	0.000427	2.1
907	-1.053067	77.510198	169.496153	0.000446	2.1
908	-1.051355	78.426809	167.933576	0.000378	2.1
909	-1.049299	78.389150	167.997206	0.000280	2.1
910	-1.057355	79.355925	166.378812	0.000481	2.2
911	-1.043637	79.366549	166.361201	0.000771	2.1
912	-1.044100	80.365943	164.721000	0.000319	2.1
913	-1.057964	79.518476	166.109756	0.000483	2.2
914	-1.055423	80.114652	165.130366	0.000418	2.1
915	-1.050170	79.847294	165.568147	0.000495	2.1
916	-1.057864	79.837931	165.583520	0.000690	2.1
917	-1.046278	78.969209	167.022424	0.000529	2.4
918	-1.059349	79.968615	165.369204	0.000431	2.2
919	-1.050434	80.953625	163.771515	0.000567	2.2
920	-1.046306	81.947900	162.189803	0.000470	2.2
921	-1.046577	81.113785	163.514648	0.000389	2.2
922	-1.054865	82.113525	161.929286	0.000475	2.1
923	-1.049890	81.245208	163.304470	0.000547	2.1
924	-1.049554	80.376701	164.703521	0.000639	2.1
925	-1.050293	81.376700	163.094723	0.000292	2.1
926	-1.047967	80.524950	164.463016	0.000387	2.1
927	-1.044670	81.513822	162.876569	0.000742	2.1
928	-1.051726	82.484755	161.348399	0.000694	2.2
929	-1.052024	81.616003	162.714382	0.000204	2.2
930	-1.050253	82.598929	161.170580	0.000274	2.2
931	-1.051412	82.165015	161.848467	0.000579	2.1
932	-1.047590	81.346995	163.142060	0.000575	2.2
933	-1.055316	80.478247	164.538708	0.000348	2.1
934	-1.054021	81.350232	163.136899	0.000496	2.1
935	-1.054567	81.837868	162.363338	0.000235	2.1
936	-1.046592	81.083734	163.562783	0.000587	2.3
937	-1.054385	81.319876	163.185299	0.000455	2.2
938	-1.051041	80.452126	164.581070	0.000528	2.1
939	-1.060614	81.371279	163.103360	0.000494	2.2
940	-1.039729	81.967370	162.159134	0.000499	2.2
941	-1.058583	81.100404	163.536078	0.000472	2.1
942	-1.046070	80.231660	164.939501	0.000608	2.1
943	-1.061114	81.211944	163.357616	0.000977	2.2
944	-1.059997	82.211944	161.774877	0.000716	2.2
945	-1.047099	81.501053	162.896859	0.000258	2.2
946	-1.050857	81.342126	163.149821	0.000428	2.2
947	-1.057543	80.853930	163.931814	0.000413	2.1
948	-1.054689	81.840835	162.358654	0.000219	2.1
949	-1.048248	82.269090	161.685355	0.000189	2.1
950	-1.047160	82.469603	161.372026	0.000566	2.1
951	-1.064217	81.734835	162.526173	0.000475	2.1
952	-1.054373	81.115686	163.511603	0.000320	2.2
953	-1.044696	81.263105	163.275891	0.000325	2.1
954	-1.049318	80.835028	163.962242	0.000517	2.5
955	-1.058884	80.081214	165.184992	0.001029	2.1
956	-1.058051	79.212494	166.616945	0.000268	2.4
957	-1.059240	80.188695	165.009536	0.000349	2.1
958	-1.046950	80.133175	165.100122	0.000388	2.2
959	-1.045922	79.418896	166.274479	0.000690	2.2
960	-1.053829	78.550369	167.725140	0.000735	2.2
961	-1.054558	79.550369	166.057069	0.000373	2.6
962	-1.060676	80.550313	164.421941	0.000545	2.4
963	-1.045575	80.757461	164.087226	0.000594	2.7
964	-1.054937	81.756525	162.491867	0.000264	2.5
965	-1.056184	82.668343	161.062665	0.000567	4.2
966	-1.053360	81.804891	162.415420	0.000640	3.6
967	-1.038816	82.804776	160.850977	0.000387	2.7
968	-1.047432	81.936116	162.208369	0.000350	3.0
969	-1.058043	82.853385	160.775690	0.000679	2.2
970	-1.055358	83.808953	159.309859	0.000500	2.2
971	-1.056057	82.973599	160.589800	0.000614	2.7
972	-1.051234	82.106510	161.940304	0.000598	2.4
973	-1.061006	83.013423	160.528316	0.000508	2.4
974	-1.052495	84.013021	159.000279	0.001150	2.3
975	-1.048181	85.012603	157.501081	0.000378	2.1
976	-1.047396	85.783721	156.363717	0.000544	2.1
977	-1.053954	86.783596	154.913179	0.000386	2.1
978	-1.054113	85.918900	156.166025	0.000481	2.2
979	-1.062045	86.875414	154.781325	0.000731	2.3
980	-1.054843	86.039221	155.990480	0.000539	2.2
981	-1.059697	85.170470	157.266889	0.000337	2.1
982	-1.047235	84.323762	158.531174	0.000326	2.1
983	-1.042440	85.049971	157.445583	0.000288	2.1
984	-1.056405	84.206353	158.708092	0.000826	2.1
985	-1.056629	83.407457	159.922480	0.000676	2.1
986	-1.054196	84.322053	158.533745	0.000457	2.2
987	-1.069475	85.321554	157.043411	0.000643	2.3
988	-1.052967	86.321369	155.580382	0.000559	2.1
989	-1.057088	87.319712	154.146454	0.000470	2.1
990	-1.061681	86.566342	155.226061	0.000437	2.1
991	-1.055538	86.333496	155.562803	0.000946	2.1
992	-1.057129	85.464802	156.832110	0.000382	2.1
993	-1.056528	86.390018	155.480927	0.000308	2.1
994	-1.064664	87.252290	154.242461	0.001107	2.4
995	-1.055060	88.251612	152.831609	0.000394	2.1
996	-1.043097	89.251611	151.445401	0.000416	2.1
997	-1.054901	88.816314	152.045711	0.000556	2.1
998	-1.051296	88.177646	152.935149	0.000243	2.1
999	-1.040757	87.365847	154.080829	0.000466	2.1
